0 165 0 0 9571 9633 24604 0 19785 0 20224 648 8 10450 2918 5446 0 0 6401 1748 13946 53 576 2767 9436 3026 0 12641 18961 10272 2100 12739 14512 0 12729 24783 0 5674 3 1719 8448 502 16503 0 612 0
165 0 31636 5532 0 2761 2 4095 2127 1670 10910 19069 7845 0 18576 446 106 9837 3063 0 387 1634 0 12373 17513 71644 34911 0 14155 0 0 0 0 0 45412 0 31791 7570 393 1506 9056 9064 0 2046 1035 945
0 31636 0 523 10330 5295 18896 0 172 13130 0 2963 0 0 0 19568 2238 24287 0 2388 0 20365 3373 3094 22972 0 19492 2810 94 6074 26551 6084 2490 0 0 12286 4807 0 3869 7075 0 1769 7466 3730 0 359
0 5532 523 0 1152 8525 1226 0 0 0 3184 17158 443 5472 267 217 42022 4462 7484 0 0 872 34107 4246 32335 0 14839 0 18498 42428 0 0 5 0 0 0 306 0 0 0 0 5323 0 12477 0 0
9571 0 10330 1152 0 10406 27552 0 7588 13815 4913 0 4032 8104 564 11195 16564 4 675 2858 183 20639 6779 0 5775 0 2229 11499 3544 11026 14191 23071 8795 0 0 23486 0 0 2940 0 0 3204 782 5507 2220 0
9633 2761 5295 8525 10406 0 6439 0 0 0 27143 834 7030 28319 3039 5218 14726 1919 9694 0 0 1022 11757 0 12404 3316 3369 37 27229 5053 339 0 39109 0 87 2414 49 0 0 0 0 5568 6333 13319 7703 0
24604 2 18896 1226 27552 6439 0 0 11292 4764 0 0 0 269 0 13236 8402 2636 0 0 252 8808 3849 0 0 0 2947 1981 89 1987 7598 3271 8034 0 1580 17278 0 948 1484 0 2579 2 8672 10074 0 0
0 4095 0 0 0 0 0 0 0 6671 0 4832 0 0 7382 0 0 0 0 13686 0 0 0 51309 569 21943 6064 243 0 0 0 0 0 12373 0 0 1538 0 2082 12365 0 529 0 0 0 4696
19785 2127 172 0 7588 0 11292 0 0 0 0 0 0 0 0 0 0 0 0 825 2039 0 12502 0 0 0 0 17256 0 23 21895 18764 140 10024 10582 2257 0 13438 226 0 18991 0 4221 0 0 4041
0 1670 13130 0 13815 0 4764 6671 0 0 0 2075 0 0 60 11854 0 19655 0 998 0 0 13703 16633 30212 0 343 1202 36 0 3547 160 0 5715 0 0 3861 0 19870 6498 0 0 0 0 0 10661
20224 10910 0 3184 4913 27143 0 0 0 0 0 10006 6086 32690 2221 8611 0 0 6532 3254 5052 0 0 779 15448 7451 689 368 56391 12360 0 0 12657 0 1032 3 3586 147 0 0 0 791 3531 0 6149 0
648 19069 2963 17158 0 834 0 4832 0 2075 10006 0 2308 146 19772 4083 3307 983 20397 4983 0 0 1222 39429 18719 21122 12602 0 6631 6832 0 0 0 0 24 0 18392 0 0 14691 0 1740 0 0 329 0
8 7845 0 443 4032 7030 0 0 0 0 6086 2308 0 6569 27350 9989 0 0 5537 21 0 0 0 0 10591 10416 0 0 17930 1850 0 0 0 0 1966 0 3 0 0 0 0 0 0 0 22811 0
10450 0 0 5472 8104 28319 269 0 0 0 32690 146 6569 0 1161 2182 0 0 7511 217 115 0 0 0 17812 0 0 2016 36783 5437 0 0 23274 0 0 897 0 0 0 0 4 0 7925 0 940 0
2918 18576 0 267 564 3039 0 7382 0 60 2221 19772 27350 1161 0 5241 0 0 6472 3448 54 0 0 4171 2090 15989 71 1002 15803 0 0 0 0 8869 1272 0 2661 6299 6266 1930 0 1057 0 0 3466 1137
5446 446 19568 217 11195 5218 13236 0 0 11854 8611 4083 9989 2182 5241 0 4623 3698 11825 2848 196 9399 232 0 9021 3331 663 3495 7278 242 11974 17 3359 0 4 7612 0 0 2201 149 0 0 2274 696 5117 0
0 106 2238 42022 16564 14726 8402 0 0 0 0 3307 0 0 0 4623 0 732 3501 1205 0 6600 19770 642 6437 0 95 575 13669 22297 2307 0 11224 0 0 1416 0 0 0 0 0 3435 1975 7767 0 0
0 9837 24287 4462 4 1919 2636 0 0 19655 0 983 0 0 0 3698 732 0 1401 3344 0 0 0 10720 11853 0 820 0 1058 0 0 0 19 0 0 0 4180 0 21 10742 0 255 0 1784 0 0
6401 3063 0 7484 675 9694 0 0 0 0 6532 20397 5537 7511 6472 11825 3501 1401 0 2495 1 0 3741 2721 15035 4790 2922 360 17593 3148 0 0 4585 0 0 0 1560 0 0 425 0 839 367 0 2191 0
1748 0 2388 0 2858 0 0 13686 825 998 3254 4983 21 217 3448 2848 1205 3344 2495 0 1607 0 1016 22895 13322 4801 4708 9762 378 0 493 409 0 0 0 0 2356 0 787 5994 0 337 2964 0 1287 0
13946 387 0 0 183 0 252 0 2039 0 5052 0 0 115 54 196 0 0 1 1607 0 0 18 0 3250 103 0 193 0 9219 0 0 0 2590 5631 0 0 13657 1244 0 2628 3 0 0 1575 0
53 1634 20365 872 20639 1022 8808 0 0 0 0 0 0 0 0 9399 6600 0 0 0 0 0 1110 447 3053 0 4736 1664 0 4970 6854 2119 2288 0 0 17055 0 0 0 0 0 0 7050 576 0 0
576 0 3373 34107 6779 11757 3849 0 12502 13703 0 1222 0 0 0 232 19770 0 3741 1016 18 1110 0 3599 25408 0 1972 19108 6924 14759 3874 16257 19361 5626 0 10253 0 1 5020 4590 695 6683 1008 5238 0 15757
2767 12373 3094 4246 0 0 0 51309 0 16633 779 39429 0 0 4171 0 642 10720 2721 22895 0 447 3599 0 24290 27123 41160 1973 6139 0 288 0 0 2386 1 0 29516 330 3921 30276 0 7845 0 0 0 7173
9436 17513 22972 32335 5775 12404 0 569 0 30212 15448 18719 10591 17812 2090 9021 6437 11853 15035 13322 3250 3053 25408 24290 0 672 7573 6282 16099 17024 4486 2833 0 0 0 0 444 0 9521 15696 4 2229 329 2725 0 13509
3026 71644 0 0 0 3316 0 21943 0 0 7451 21122 10416 0 15989 3331 0 0 4790 4801 103 0 0 27123 672 0 14070 0 11678 0 0 0 0 0 50047 0 14214 5737 5870 301 458 8411 0 0 2963 79
0 34911 19492 14839 2229 3369 2947 6064 0 343 689 12602 0 0 71 663 95 820 2922 4708 0 4736 1972 41160 7573 14070 0 0 1641 1838 0 0 0 0 0 0 36155 0 241 8247 0 17747 0 6102 0 0
12641 0 2810 0 11499 37 1981 243 17256 1202 368 0 0 2016 1002 3495 575 0 360 9762 193 1664 19108 1973 6282 0 0 0 1098 1233 39254 36576 6237 16035 128 2633 0 11 3245 750 16317 0 14089 0 0 8551
18961 14155 94 18498 3544 27229 89 0 0 36 56391 6631 17930 36783 15803 7278 13669 1058 17593 378 0 0 6924 6139 16099 11678 1641 1098 0 21677 0 0 8354 0 219 0 2427 0 534 3762 0 3128 0 4402 775 0
10272 0 6074 42428 11026 5053 1987 0 23 0 12360 6832 1850 5437 0 242 22297 0 3148 0 9219 4970 14759 0 17024 0 1838 1233 21677 0 0 0 11315 0 270 7620 0 749 0 0 0 3882 1277 5877 1012 0
2100 0 26551 0 14191 339 7598 0 21895 3547 0 0 0 0 0 11974 2307 0 0 493 0 6854 3874 288 4486 0 0 39254 0 0 0 44126 0 208 10 6047 0 38 4621 0 6080 0 1171 0 0 0
12739 0 6084 0 23071 0 3271 0 18764 160 0 0 0 0 0 17 0 0 0 409 0 2119 16257 0 2833 0 0 36576 0 0 44126 0 902 0 11 16408 0 0 3605 0 364 0 667 0 0 57
14512 0 2490 5 8795 39109 8034 0 140 0 12657 0 0 23274 0 3359 11224 19 4585 0 0 2288 19361 0 0 0 0 6237 8354 11315 0 902 0 0 0 16825 0 0 0 16 0 3778 25146 431 0 0
0 0 0 0 0 0 0 12373 10024 5715 0 0 0 0 8869 0 0 0 0 0 2590 0 5626 2386 0 0 0 16035 0 0 208 0 0 0 116 0 0 19072 23574 273 10708 0 0 0 0 32793
12729 45412 0 0 0 87 1580 0 10582 0 1032 24 1966 0 1272 4 0 0 0 0 5631 0 0 1 0 50047 0 128 219 270 10 11 0 116 0 0 7166 40542 1960 0 12715 7346 0 0 40 3474
24783 0 12286 0 23486 2414 17278 0 2257 0 3 0 0 897 0 7612 1416 0 0 0 0 17055 10253 0 0 0 0 2633 0 7620 6047 16408 16825 0 0 0 0 0 0 0 0 281 11015 0 0 0
0 31791 4807 306 0 49 0 1538 0 3861 3586 18392 3 0 2661 0 0 4180 1560 2356 0 0 0 29516 444 14214 36155 0 2427 0 0 0 0 0 7166 0 0 0 627 9054 0 12042 0 0 0 0
5674 7570 0 0 0 0 948 0 13438 0 147 0 0 0 6299 0 0 0 0 0 13657 0 1 330 0 5737 0 11 0 749 38 0 0 19072 40542 0 0 0 1386 0 14167 1925 0 0 132 13900
3 393 3869 0 2940 0 1484 2082 226 19870 0 0 0 0 6266 2201 0 21 0 787 1244 0 5020 3921 9521 5870 241 3245 534 0 4621 3605 0 23574 1960 0 627 1386 0 1587 0 1274 0 0 0 17257
1719 1506 7075 0 0 0 0 12365 0 6498 0 14691 0 0 1930 149 0 10742 425 5994 0 0 4590 30276 15696 301 8247 750 3762 0 0 0 16 273 0 0 9054 0 1587 0 0 2141 0 0 0 11598
8448 9056 0 0 0 0 2579 0 18991 0 0 0 0 4 0 0 0 0 0 0 2628 0 695 0 4 458 0 16317 0 0 6080 364 0 10708 12715 0 0 14167 0 0 0 40 0 0 0 18282
502 9064 1769 5323 3204 5568 2 529 0 0 791 1740 0 0 1057 0 3435 255 839 337 3 0 6683 7845 2229 8411 17747 0 3128 3882 0 0 3778 0 7346 281 12042 1925 1274 2141 40 0 0 5363 0 0
16503 0 7466 0 782 6333 8672 0 4221 0 3531 0 0 7925 0 2274 1975 0 367 2964 0 7050 1008 0 329 0 0 14089 0 1277 1171 667 25146 0 0 11015 0 0 0 0 0 0 0 0 0 0
0 2046 3730 12477 5507 13319 10074 0 0 0 0 0 0 0 0 696 7767 1784 0 0 0 576 5238 0 2725 0 6102 0 4402 5877 0 0 431 0 0 0 0 0 0 0 0 5363 0 0 0 0
612 1035 0 0 2220 7703 0 0 0 0 6149 329 22811 940 3466 5117 0 0 2191 1287 1575 0 0 0 0 2963 0 0 775 1012 0 0 0 0 40 0 0 132 0 0 0 0 0 0 0 0
0 945 359 0 0 0 0 4696 4041 10661 0 0 0 0 1137 0 0 0 0 0 0 0 15757 7173 13509 79 0 8551 0 0 0 57 0 32793 3474 0 0 13900 17257 11598 18282 0 0 0 0 0
