0 11264 30904 162 15576 1367 607 14151 2684 16148 15857 2403 8464 16717 5 1069 1376 0 8010 10271 3381 13428 6395 33995 16397 0 1713 237 27 25729 37857 2579 12587 9806 13429 0 0 15319 17204 1885 1453 7238 11539 10638 733 0
11264 0 0 0 0 69803 0 320 23918 961 38649 573 0 14853 0 2879 35784 0 0 0 2841 0 8120 67441 271 13106 23169 5094 0 5866 0 22556 2711 14137 5758 88 0 0 953 0 0 2438 0 0 0 0
30904 0 0 0 8536 0 764 1836 5866 31026 2741 549 12930 0 1245 0 1843 4160 14720 7930 0 0 0 426 3296 7047 5317 9264 236 640 16971 0 1349 0 110 10489 0 1515 523 1743 0 31147 25483 79 1818 11822
162 0 0 0 0 0 19297 0 0 0 0 9718 0 1613 41945 2500 0 0 441 1239 0 0 24044 0 714 25526 17806 1767 1840 0 7324 6834 7230 6099 11894 9744 26516 0 0 5197 421 0 0 0 0 0
15576 0 8536 0 0 1348 269 18529 0 11684 3314 825 10021 3331 0 0 9 1165 0 8199 854 4448 0 11058 34700 0 1497 389 30949 34653 30897 0 0 0 2679 0 1011 20569 333 153 8200 0 0 7328 8879 93
1367 69803 0 0 1348 0 0 12510 4432 0 36572 7391 0 13468 0 10552 9453 0 0 0 1846 0 3597 21078 5042 470 22820 0 0 7706 0 4334 2918 17508 10656 0 3283 0 0 0 5031 88 0 0 0 0
607 0 764 19297 269 0 0 0 0 0 0 30 903 22 6364 0 0 14628 0 14 0 0 44195 181 0 15942 2415 32555 0 0 5770 0 0 189 57 20182 631 8845 0 16234 0 657 0 0 0 10074
14151 320 1836 0 18529 12510 0 0 1251 7306 9826 0 0 4371 0 1314 20150 0 637 0 10609 0 0 29325 25565 0 0 164 127 18101 4059 0 10 0 2359 0 3374 8760 31094 0 10500 2995 410 12027 0 0
2684 23918 5866 0 0 4432 0 1251 0 16589 258 0 0 0 851 0 19799 0 17462 0 0 115 387 29108 0 19972 1512 10222 0 0 0 28440 15610 3536 2714 6969 0 2691 10627 7991 0 9490 1781 0 0 4068
16148 961 31026 0 11684 0 0 7306 16589 0 10628 0 17146 420 0 0 5998 4969 14274 17289 0 5122 0 10123 5008 100 0 5365 426 6431 11536 0 1826 0 24 3276 0 3074 7589 3255 2992 12632 9958 0 1171 4211
15857 38649 2741 0 3314 36572 0 9826 258 10628 0 15 0 11581 0 2 5433 0 637 0 8575 0 320 35021 14428 150 18851 0 0 28329 4013 2408 1426 10618 6022 0 0 1664 60 459 0 0 0 3561 0 0
2403 573 549 9718 825 7391 30 0 0 0 15 0 0 0 8473 6204 0 0 0 0 0 0 7603 0 7011 0 6599 0 26683 0 7796 0 5191 0 821 0 15330 0 0 0 3638 0 0 0 0 0
8464 0 12930 0 10021 0 903 0 0 17146 0 0 0 0 0 0 0 13302 610 9522 0 5272 5 0 0 113 0 8012 5071 3198 4125 0 0 0 772 7524 0 5579 0 1626 7000 5343 14601 0 3768 8609
16717 14853 0 1613 3331 13468 22 4371 0 420 11581 0 0 0 0 54 0 0 6646 3158 10802 2471 12924 15730 9508 0 0 430 960 15792 7224 2519 348 15 25884 0 35 2969 0 216 4147 0 0 0 0 0
5 0 1245 41945 0 0 6364 0 851 0 0 8473 0 0 0 3165 0 0 250 0 0 0 17030 981 0 13492 14627 0 0 0 928 5792 5043 12038 3163 6144 16877 49 0 1347 0 0 0 0 0 0
1069 2879 0 2500 0 10552 0 1314 0 0 2 6204 0 54 3165 0 0 0 0 0 0 0 2242 1555 6967 13131 14900 0 0 0 0 10148 23858 16897 881 344 6290 0 0 0 8 0 0 0 0 0
1376 35784 1843 0 9 9453 0 20150 19799 5998 5433 0 0 0 0 0 0 0 0 0 0 0 0 54279 2539 111 0 2007 0 565 588 5225 5582 0 258 0 0 0 10577 0 0 971 0 3174 0 0
0 0 4160 0 1165 0 14628 0 0 4969 0 0 13302 0 0 0 0 0 2670 4747 0 1 5323 0 0 543 0 6548 1391 1025 7714 0 0 0 0 3333 0 12420 0 21097 310 1898 1835 0 3248 17341
8010 0 14720 441 0 0 0 637 17462 14274 637 0 610 6646 250 0 0 2670 0 1327 0 2121 277 2402 167 275 88 3812 0 0 3833 1116 1303 1064 6172 4524 0 9142 925 7877 0 2963 8951 0 0 8139
10271 0 7930 1239 8199 0 14 0 0 17289 0 0 9522 3158 0 0 0 4747 1327 0 0 6215 4966 0 1684 0 0 4595 1402 3693 5646 0 17 0 5469 0 0 0 0 3058 1799 0 340 0 3913 0
3381 2841 0 0 854 1846 0 10609 0 0 8575 0 0 10802 0 0 0 0 0 0 0 0 0 192 1686 0 0 0 0 21261 0 0 0 0 4919 0 0 2467 0 0 2001 0 0 0 0 0
13428 0 0 0 4448 0 0 0 115 5122 0 0 5272 2471 0 0 0 1 2121 6215 0 0 2882 0 6592 0 0 0 10168 1457 2710 0 0 0 4747 0 277 0 0 161 9804 0 0 0 4006 0
6395 8120 0 24044 0 3597 44195 0 387 0 320 7603 5 12924 17030 2242 0 5323 277 4966 0 2882 0 7699 8858 189 15030 2687 2014 1442 10862 156 9379 1109 12492 2064 3372 1329 0 4666 0 1181 0 0 3243 0
33995 67441 426 0 11058 21078 181 29325 29108 10123 35021 0 0 15730 981 1555 54279 0 2402 0 192 0 7699 0 9953 10811 3870 6262 0 12637 869 19560 16684 24605 18894 1376 0 643 19576 0 197 2691 0 9614 0 0
16397 271 3296 714 34700 5042 0 25565 0 5008 14428 7011 0 9508 0 6967 2539 0 167 1684 1686 6592 8858 9953 0 0 10 0 13946 23009 9900 900 2269 2058 11220 0 31439 5534 4584 648 12210 0 0 4240 105 0
0 13106 7047 25526 0 470 15942 0 19972 100 150 0 113 0 13492 13131 111 543 275 0 0 0 189 10811 0 0 11221 31885 0 0 0 49181 14347 2747 1554 8444 0 0 116 11471 0 6029 0 0 0 3361
1713 23169 5317 17806 1497 22820 2415 0 1512 0 18851 6599 0 0 14627 14900 0 0 88 0 0 0 15030 3870 10 11221 0 0 8422 772 1876 20595 24895 49563 301 2753 7445 2597 0 0 5039 0 0 0 0 0
237 5094 9264 1767 389 0 32555 164 10222 5365 0 0 8012 430 0 0 2007 6548 3812 4595 0 0 2687 6262 0 31885 0 0 0 0 2874 3699 1301 0 1815 30419 0 1539 15199 15500 0 6299 2924 0 0 31425
27 0 236 1840 30949 0 0 127 0 426 0 26683 5071 960 0 0 0 1391 0 1402 0 10168 2014 0 13946 0 8422 0 0 788 18117 0 0 0 15462 0 4008 0 0 0 18550 0 0 0 32002 0
25729 5866 640 0 34653 7706 0 18101 0 6431 28329 0 3198 15792 0 0 565 1025 0 3693 21261 1457 1442 12637 23009 0 772 0 788 0 8830 0 0 0 8057 0 0 4069 1099 0 8809 0 0 5112 0 0
37857 0 16971 7324 30897 0 5770 4059 0 11536 4013 7796 4125 7224 928 0 588 7714 3833 5646 0 2710 10862 869 9900 0 1876 2874 18117 8830 0 0 0 0 2207 0 0 7215 653 10028 3207 4686 6667 0 12987 5074
2579 22556 0 6834 0 4334 0 0 28440 0 2408 0 0 2519 5792 10148 5225 0 1116 0 0 0 156 19560 900 49181 20595 3699 0 0 0 0 12724 17156 9647 144 0 0 0 5089 0 0 0 0 0 0
12587 2711 1349 7230 0 2918 0 10 15610 1826 1426 5191 0 348 5043 23858 5582 0 1303 17 0 0 9379 16684 2269 14347 24895 1301 0 0 0 12724 0 27723 14716 3382 12741 0 0 1235 0 4224 0 0 0 12
9806 14137 0 6099 0 17508 189 0 3536 0 10618 0 0 15 12038 16897 0 0 1064 0 0 0 1109 24605 2058 2747 49563 0 0 0 0 17156 27723 0 4283 6435 3418 0 0 906 0 0 0 0 0 0
13429 5758 110 11894 2679 10656 57 2359 2714 24 6022 821 772 25884 3163 881 258 0 6172 5469 4919 4747 12492 18894 11220 1554 301 1815 15462 8057 2207 9647 14716 4283 0 1784 7765 0 0 5057 13213 0 0 0 3917 0
0 88 10489 9744 0 0 20182 0 6969 3276 0 0 7524 0 6144 344 0 3333 4524 0 0 0 2064 1376 0 8444 2753 30419 0 0 0 144 3382 6435 1784 0 0 308 2289 8553 0 6019 10840 0 0 21670
0 0 0 26516 1011 3283 631 3374 0 0 0 15330 0 35 16877 6290 0 0 0 0 0 277 3372 0 31439 0 7445 0 4008 0 0 0 12741 3418 7765 0 0 0 0 0 9670 0 0 0 0 0
15319 0 1515 0 20569 0 8845 8760 2691 3074 1664 0 5579 2969 49 0 0 12420 9142 0 2467 0 1329 643 5534 0 2597 1539 0 4069 7215 0 0 0 0 308 0 0 11538 14205 0 3380 6768 2273 102 9808
17204 953 523 0 333 0 0 31094 10627 7589 60 0 0 0 0 0 10577 0 925 0 0 0 0 19576 4584 116 0 15199 0 1099 653 0 0 0 0 2289 0 11538 0 0 0 6717 742 11951 0 57
1885 0 1743 5197 153 0 16234 0 7991 3255 459 0 1626 216 1347 0 0 21097 7877 3058 0 161 4666 0 648 11471 0 15500 0 0 10028 5089 1235 906 5057 8553 0 14205 0 0 241 4671 117 0 1221 15410
1453 0 0 421 8200 5031 0 10500 0 2992 0 3638 7000 4147 0 8 0 310 0 1799 2001 9804 0 197 12210 0 5039 0 18550 8809 3207 0 0 0 13213 0 9670 0 0 241 0 0 0 0 4104 0
7238 2438 31147 0 0 88 657 2995 9490 12632 0 0 5343 0 0 0 971 1898 2963 0 0 0 1181 2691 0 6029 0 6299 0 0 4686 0 4224 0 0 6019 0 3380 6717 4671 0 0 10812 0 153 5253
11539 0 25483 0 0 0 0 410 1781 9958 0 0 14601 0 0 0 0 1835 8951 340 0 0 0 0 0 0 0 2924 0 0 6667 0 0 0 0 10840 0 6768 742 117 0 10812 0 0 0 7786
10638 0 79 0 7328 0 0 12027 0 0 3561 0 0 0 0 0 3174 0 0 0 0 0 0 9614 4240 0 0 0 0 5112 0 0 0 0 0 0 0 2273 11951 0 0 0 0 0 0 0
733 0 1818 0 8879 0 0 0 0 1171 0 0 3768 0 0 0 0 3248 0 3913 0 4006 3243 0 105 0 0 0 32002 0 12987 0 0 0 3917 0 0 102 0 1221 4104 153 0 0 0 0
0 0 11822 0 93 0 10074 0 4068 4211 0 0 8609 0 0 0 0 17341 8139 0 0 0 0 0 0 3361 0 31425 0 0 5074 0 12 0 0 21670 0 9808 57 15410 0 5253 7786 0 0 0
