0 2412 2804 0 1250 7668 0 19920 1095 203 0 14292 24 0 0 0 5389 0 21512 9858 7062 0 28779 8213 24 0 21731 0 743 0 0 0 34690 0 624 0 3 0 5361 4928 13767 11377 9862 3378 0 32922
2412 0 0 0 5595 52594 0 4982 26325 0 19039 0 0 0 0 0 945 0 4 11070 10261 0 0 14755 0 7497 268 0 0 0 0 0 5948 12201 0 0 0 0 0 3143 737 0 21778 0 0 0
2804 0 0 0 2194 293 5436 1936 0 40355 245 0 10051 10196 14492 5594 104 0 606 0 0 10 0 28756 29954 0 29854 431 1933 0 8578 0 552 0 7881 0 17015 0 171 366 10025 0 0 0 0 0
0 0 0 0 2112 0 2108 0 5120 0 0 0 0 6114 0 0 13872 31433 0 0 0 0 0 0 0 5121 0 0 481 6233 22123 1673 0 0 0 36493 548 18243 0 0 0 0 0 0 0 0
1250 5595 2194 2112 0 4658 0 0 17638 1867 15476 0 0 0 18 0 17466 9925 67 390 0 5281 0 36733 0 5366 14532 0 31085 2623 1141 0 0 14991 0 3881 6692 1359 13099 3327 0 0 5 0 0 0
7668 52594 293 0 4658 0 0 17 16179 0 26646 0 0 494 13 0 52 1877 310 7087 2354 15099 0 33637 0 5590 5082 0 11790 0 0 0 201 0 0 0 4229 0 8966 3914 9483 0 186 0 0 0
0 0 5436 2108 0 0 0 1964 0 0 0 23 0 18425 8872 33645 178 0 0 0 0 0 0 0 16591 0 0 13009 0 33929 17888 22366 0 0 4051 10854 1590 9739 0 201 0 42 0 0 13872 0
19920 4982 1936 0 0 17 1964 0 446 0 0 2151 0 8972 1106 2352 7033 0 278 4140 11842 0 21663 0 1571 4735 0 10329 1282 4989 4451 16401 9137 0 0 3385 3112 0 90 2393 0 1218 6376 0 5481 0
1095 26325 0 5120 17638 16179 0 446 0 0 14121 0 0 152 0 0 13781 6699 1718 3238 0 237 0 7629 0 9263 0 0 8326 0 0 0 0 930 0 1447 0 9844 25296 21856 1804 0 8860 0 0 0
203 0 40355 0 1867 0 0 0 0 0 4252 0 22853 0 2525 0 0 0 7026 0 0 0 0 3220 20777 0 24384 0 549 0 4983 0 2863 0 218 0 7352 0 0 0 8455 0 0 0 0 3191
0 19039 245 0 15476 26646 0 0 14121 4252 0 0 0 0 0 0 7 1916 0 5319 0 17484 0 4420 0 3335 125 0 25437 0 740 0 0 384 0 0 4003 0 14527 2274 6 0 4916 0 0 0
14292 0 0 0 0 0 23 2151 0 0 0 0 9292 0 4336 0 0 0 5687 7870 0 0 29629 0 25930 27 0 2852 0 0 0 3148 11308 0 40576 0 0 0 347 0 0 8832 4983 2044 0 2132
24 0 10051 0 0 0 0 0 0 22853 0 9292 0 0 10435 0 0 0 9245 105 0 0 0 0 3741 0 6619 0 0 0 0 0 27888 0 15192 0 0 0 10 0 11042 1344 0 9448 0 11216
0 0 10196 6114 0 494 18425 8972 152 0 0 0 0 0 1697 1024 11535 275 0 508 0 0 0 0 363 380 2 6527 2175 14713 3017 13240 0 0 1299 22655 7430 17494 0 2378 0 1802 2500 0 3368 0
0 0 14492 0 18 13 8872 1106 0 2525 0 4336 10435 1697 0 2391 0 0 1759 2005 0 0 5268 38 32907 0 2631 15277 1095 2390 70 331 10413 0 11861 0 9749 0 2172 0 0 5264 0 1449 1318 671
0 0 5594 0 0 0 33645 2352 0 0 0 0 0 1024 2391 0 0 0 0 46 0 0 0 0 3455 0 0 2362 0 263 22633 5888 0 0 3516 711 67 131 0 0 0 1401 217 0 2517 0
5389 945 104 13872 17466 52 178 7033 13781 0 7 0 0 11535 0 0 0 5942 1 14 64 0 0 0 0 11103 1180 114 1111 10048 1132 0 0 7761 0 16386 532 3448 3639 20680 0 2428 3939 0 0 0
0 0 0 31433 9925 1877 0 0 6699 0 1916 0 0 275 0 0 5942 0 0 0 0 4537 0 589 0 1146 439 0 6812 0 6178 0 0 0 0 2022 4461 7401 780 0 0 0 0 0 0 0
21512 4 606 0 67 310 0 278 1718 7026 0 5687 9245 0 1759 0 1 0 0 1537 543 0 3374 3740 694 0 9290 0 0 0 0 0 8739 0 179 0 0 0 1133 6563 9691 6595 2602 5665 0 18780
9858 11070 0 0 390 7087 0 4140 3238 0 5319 7870 105 508 2005 46 14 0 1537 0 6936 0 1622 0 10342 0 0 36 1811 0 0 227 2166 343 5873 0 1791 0 143 1058 983 12850 8942 0 0 0
7062 10261 0 0 0 2354 0 11842 0 0 0 0 0 0 0 0 64 0 543 6936 0 0 0 0 0 0 0 0 0 0 0 0 4483 0 135 0 0 0 0 123 0 1964 3281 0 0 0
0 0 10 0 5281 15099 0 0 237 0 17484 0 0 0 0 0 0 4537 0 0 0 0 0 11910 0 625 0 0 2282 0 0 0 0 0 0 0 0 0 3895 751 0 0 0 0 0 0
28779 0 0 0 0 0 0 21663 0 0 0 29629 0 0 5268 0 0 0 3374 1622 0 0 0 0 20415 2017 0 2949 0 0 0 7305 6820 0 301 0 0 0 0 0 0 4431 1819 0 0 6725
8213 14755 28756 0 36733 33637 0 0 7629 3220 4420 0 0 0 38 0 0 589 3740 0 0 11910 0 0 0 0 37014 0 6183 0 0 0 0 0 0 0 1580 0 2840 8472 4524 0 0 0 0 0
24 0 29954 0 0 0 16591 1571 0 20777 0 25930 3741 363 32907 3455 0 0 694 10342 0 0 20415 0 0 1552 11637 17170 57 3003 6882 7612 326 0 32088 0 12516 0 0 0 0 19334 3394 0 1084 0
0 7497 0 5121 5366 5590 0 4735 9263 0 3335 27 0 380 0 0 11103 1146 0 0 0 625 2017 0 1552 0 0 24527 1767 30084 0 4326 5849 10890 0 3805 0 2276 3049 3210 0 583 1266 0 0 0
21731 268 29854 0 14532 5082 0 0 0 24384 125 0 6619 2 2631 0 1180 439 9290 0 0 0 0 37014 11637 0 0 0 1213 0 6323 0 0 0 0 337 16461 0 0 2477 17486 0 0 0 0 9348
0 0 431 0 0 0 13009 10329 0 0 0 2852 0 6527 15277 2362 114 0 0 36 0 0 2949 0 17170 24527 0 0 0 16076 1611 33101 0 194 2274 52 5028 7505 0 0 0 4260 349 0 6059 0
743 0 1933 481 31085 11790 0 1282 8326 549 25437 0 0 2175 1095 0 1111 6812 0 1811 0 2282 0 6183 57 1767 1213 0 0 0 0 0 1159 0 0 0 13891 12332 5218 171 0 8 0 0 0 0
0 0 0 6233 2623 0 33929 4989 0 0 0 0 0 14713 2390 263 10048 0 0 0 0 0 0 0 3003 30084 0 16076 0 0 6528 20576 0 17050 0 11630 10 8240 0 1922 0 378 0 0 18453 0
0 0 8578 22123 1141 0 17888 4451 0 4983 740 0 0 3017 70 22633 1132 6178 0 0 0 0 0 0 6882 0 6323 1611 0 6528 0 10384 0 0 6700 13881 10689 0 0 0 0 0 0 0 1805 0
0 0 0 1673 0 0 22366 16401 0 0 0 3148 0 13240 331 5888 0 0 0 227 0 0 7305 0 7612 4326 0 33101 0 20576 10384 0 0 0 0 6098 1671 5298 0 0 0 4771 13 0 27399 0
34690 5948 552 0 0 201 0 9137 0 2863 0 11308 27888 0 10413 0 0 0 8739 2166 4483 0 6820 0 326 5849 0 0 1159 0 0 0 0 0 7865 0 222 0 2320 0 5045 8295 1210 16673 0 28257
0 12201 0 0 14991 0 0 0 930 0 384 0 0 0 0 0 7761 0 0 343 0 0 0 0 0 10890 0 194 0 17050 0 0 0 0 0 0 0 0 1041 2761 0 0 2343 0 0 0
624 0 7881 0 0 0 4051 0 0 218 0 40576 15192 1299 11861 3516 0 0 179 5873 135 0 301 0 32088 0 0 2274 0 0 6700 0 7865 0 0 0 1201 0 0 0 0 6843 1424 1509 0 87
0 0 0 36493 3881 0 10854 3385 1447 0 0 0 0 22655 0 711 16386 2022 0 0 0 0 0 0 0 3805 337 52 0 11630 13881 6098 0 0 0 0 0 19475 0 0 0 0 0 0 2300 0
3 0 17015 548 6692 4229 1590 3112 0 7352 4003 0 0 7430 9749 67 532 4461 0 1791 0 0 0 1580 12516 0 16461 5028 13891 10 10689 1671 222 0 1201 0 0 0 503 0 0 1605 0 0 0 0
0 0 0 18243 1359 0 9739 0 9844 0 0 0 0 17494 0 131 3448 7401 0 0 0 0 0 0 0 2276 0 7505 12332 8240 0 5298 0 0 0 19475 0 0 0 2672 0 344 0 0 793 0
5361 0 171 0 13099 8966 0 90 25296 0 14527 347 10 0 2172 0 3639 780 1133 143 0 3895 0 2840 0 3049 0 0 5218 0 0 0 2320 1041 0 0 503 0 0 17929 0 159 1210 0 0 523
4928 3143 366 0 3327 3914 201 2393 21856 0 2274 0 0 2378 0 0 20680 0 6563 1058 123 751 0 8472 0 3210 2477 0 171 1922 0 0 0 2761 0 0 0 2672 17929 0 4939 106 8080 0 0 278
13767 737 10025 0 0 9483 0 0 1804 8455 6 0 11042 0 0 0 0 0 9691 983 0 0 0 4524 0 0 17486 0 0 0 0 0 5045 0 0 0 0 0 0 4939 0 0 419 504 0 18901
11377 0 0 0 0 0 42 1218 0 0 0 8832 1344 1802 5264 1401 2428 0 6595 12850 1964 0 4431 0 19334 583 0 4260 8 378 0 4771 8295 0 6843 0 1605 344 159 106 0 0 12869 715 4095 3369
9862 21778 0 0 5 186 0 6376 8860 0 4916 4983 0 2500 0 217 3939 0 2602 8942 3281 0 1819 0 3394 1266 0 349 0 0 0 13 1210 2343 1424 0 0 0 1210 8080 419 12869 0 0 92 0
3378 0 0 0 0 0 0 0 0 0 0 2044 9448 0 1449 0 0 0 5665 0 0 0 0 0 0 0 0 0 0 0 0 0 16673 0 1509 0 0 0 0 0 504 715 0 0 0 11499
0 0 0 0 0 0 13872 5481 0 0 0 0 0 3368 1318 2517 0 0 0 0 0 0 0 0 1084 0 0 6059 0 18453 1805 27399 0 0 0 2300 0 793 0 0 0 4095 92 0 0 0
32922 0 0 0 0 0 0 0 0 3191 0 2132 11216 0 671 0 0 0 18780 0 0 0 6725 0 0 0 9348 0 0 0 0 0 28257 0 87 0 0 0 523 278 18901 3369 0 11499 0 0
