0 0 0 0 4509 12036 0 0 0 0 127 0 36453 1476 0 26798 0 0 0 0 2252 6059 9750 0 8117 0 0 0 6416 0 0 0 0 4653 0 59 8573 24208 0 247 0 2690 13 0 0 14793
0 0 607 35551 0 3840 10040 10172 359 7908 3423 16295 0 1874 0 0 6238 1707 2460 0 0 1815 9911 13076 13820 14300 0 38947 3436 11050 13025 21761 97 0 0 3952 3441 0 0 6930 11454 0 0 1248 0 4765
0 607 0 2478 13556 962 0 0 0 14085 0 0 0 0 0 0 3870 11312 0 2260 0 0 0 3980 7230 220 22467 9217 28924 0 6070 0 15721 1 0 0 0 0 36486 1386 0 0 8973 0 14921 0
0 35551 2478 0 380 0 3846 0 0 484 0 6070 0 0 0 0 4046 19297 0 0 0 0 1995 37589 17372 950 0 19392 6291 0 10312 27307 2771 0 0 0 8663 0 29 0 0 0 0 0 0 0
4509 0 13556 380 0 21537 0 0 0 0 0 0 10954 764 0 13658 1410 0 0 4302 1643 253 0 19596 36108 25764 0 0 29632 0 0 0 0 10696 0 0 13805 6423 3178 5286 0 1365 19282 0 10651 0
12036 3840 962 0 21537 0 4666 0 0 0 0 0 98 0 0 0 7141 0 0 0 8829 2862 14018 0 27276 18962 0 18841 12336 5 0 0 0 0 0 0 7344 6770 1915 15806 0 1042 627 0 2281 7401
0 10040 0 3846 0 4666 0 0 0 392 0 6214 0 0 0 0 8339 0 179 0 0 0 5580 0 0 7700 0 17026 0 14870 0 17146 0 0 0 0 0 0 0 0 0 0 0 0 0 7868
0 10172 0 0 0 0 0 0 25472 13396 22467 0 0 13655 4557 281 5889 0 4304 0 0 0 0 0 0 0 755 44 0 25626 0 0 181 1358 16947 18489 0 4805 0 0 10503 643 0 7232 0 138
0 359 0 0 0 0 0 25472 0 0 0 0 0 16819 17326 0 0 0 834 0 0 0 0 0 0 0 5075 0 0 375 2 129 2217 1012 38861 6327 0 1106 0 0 10065 0 0 68 0 0
0 7908 14085 484 0 0 392 13396 0 0 824 9102 0 1233 0 98 5824 511 2110 16423 0 0 0 10873 313 230 7132 9126 6982 19760 18748 8505 2173 0 0 3881 0 0 9087 2215 0 0 3150 5407 8134 6100
127 3423 0 0 0 0 0 22467 0 824 0 0 0 1934 127 0 0 0 1077 0 0 4164 0 0 0 0 0 0 0 305 0 0 0 3475 2891 27815 0 24194 0 0 504 2 0 0 0 8397
0 16295 0 6070 0 0 6214 0 0 9102 0 0 0 2147 0 0 110 3256 14457 0 0 0 1240 0 0 0 117 6868 0 13032 4660 17825 26945 0 0 0 0 0 0 0 117 0 0 39 0 1033
36453 0 0 0 10954 98 0 0 0 0 0 0 0 224 1186 5528 0 0 0 165 0 3459 5721 0 0 0 0 1019 0 0 0 0 0 24968 0 237 0 8134 0 417 0 16793 2991 0 0 18866
1476 1874 0 0 764 0 0 13655 16819 1233 1934 2147 224 0 4743 13388 73 710 16303 0 0 7 0 43 0 0 9589 0 3078 8133 2858 4949 12766 8686 743 16213 16 4439 0 0 16957 6286 1227 8104 2180 0
0 0 0 0 0 0 0 4557 17326 0 127 0 1186 4743 0 76 0 106 82 0 0 0 0 0 0 0 15221 0 2987 0 6365 0 602 17726 39703 344 0 6299 0 0 0 2431 0 0 0 0
26798 0 0 0 13658 0 0 281 0 98 0 0 5528 13388 76 0 0 0 959 3 0 1647 0 0 6145 0 88 0 8011 0 120 0 0 8869 0 2830 3502 15463 0 0 0 11098 2724 0 98 1942
0 6238 3870 4046 1410 7141 8339 5889 0 5824 0 110 0 73 0 0 0 174 1094 0 0 4786 390 22700 1742 7226 0 11533 2397 22188 13755 2151 3749 0 0 165 5400 0 0 8201 0 3457 0 4992 13 247
0 1707 11312 19297 0 0 0 0 0 511 0 3256 0 710 106 0 174 0 3200 0 0 0 0 0 0 0 5306 10018 0 0 11859 0 16439 0 0 0 0 0 0 0 0 0 0 0 0 0
0 2460 0 0 0 0 179 4304 834 2110 1077 14457 0 16303 82 959 1094 3200 0 0 0 246 826 4459 0 0 8053 10532 0 8581 38 2773 12270 3501 0 13777 568 447 0 1524 476 1172 0 0 513 0
0 0 2260 0 4302 0 0 0 0 16423 0 0 165 0 0 3 0 0 0 0 0 0 0 0 0 0 1059 0 4142 0 11760 0 0 117 0 0 0 0 7708 0 0 0 2552 0 7018 0
2252 0 0 0 1643 8829 0 0 0 0 0 0 0 0 0 0 0 0 0 0 0 0 0 0 20910 6682 0 0 897 0 0 0 0 0 0 0 88 1889 0 1149 0 0 0 0 0 0
6059 1815 0 0 253 2862 0 0 0 0 4164 0 3459 7 0 1647 4786 0 246 0 0 0 3306 4179 0 164 0 3912 0 571 0 1150 0 516 0 11732 6885 299 0 11380 0 2859 0 0 0 5517
9750 9911 0 1995 0 14018 5580 0 0 0 0 1240 5721 0 0 0 390 0 826 0 0 3306 0 2942 8895 17664 0 9759 0 1955 0 6126 0 0 0 0 6708 0 0 11573 0 311 0 0 0 3449
0 13076 3980 37589 19596 0 0 0 0 10873 0 0 0 43 0 0 22700 0 4459 0 0 4179 2942 0 25285 14405 0 7580 19 0 7418 18958 1811 0 0 408 10457 0 1497 3484 0 3985 0 0 1977 0
8117 13820 7230 17372 36108 27276 0 0 0 313 0 0 0 0 0 6145 1742 0 0 0 20910 0 8895 25285 0 40950 0 0 18453 0 2468 0 0 0 0 0 10281 13261 10077 6563 0 17 5706 0 3952 0
0 14300 220 950 25764 18962 7700 0 0 230 0 0 0 0 0 0 7226 0 0 0 6682 164 17664 14405 40950 0 0 9877 1800 6331 0 0 0 0 0 0 35764 0 686 25708 0 181 0 0 0 2290
0 0 22467 0 0 0 0 755 5075 7132 0 117 0 9589 15221 88 0 5306 8053 1059 0 0 0 0 0 0 0 472 16497 9 25018 16 28949 1094 9730 4883 0 0 8754 0 127 0 7520 0 0 0
0 38947 9217 19392 0 18841 17026 44 0 9126 0 6868 1019 0 0 0 11533 10018 10532 0 0 3912 9759 7580 0 9877 472 0 41 10672 11024 8941 10670 0 0 987 48 0 0 5107 0 2160 0 0 0 29049
6416 3436 28924 6291 29632 12336 0 0 0 6982 0 0 0 3078 2987 8011 2397 0 0 4142 897 0 0 19 18453 1800 16497 41 0 0 11562 0 36 4164 1221 0 1113 7140 24722 624 0 4625 15611 0 5869 179
0 11050 0 0 0 5 14870 25626 375 19760 305 13032 0 8133 0 0 22188 0 8581 0 0 571 1955 0 0 6331 9 10672 0 0 0 35746 13626 0 0 2893 0 0 0 0 9891 1 0 16984 0 13056
0 13025 6070 10312 0 0 0 0 2 18748 0 4660 0 2858 6365 120 13755 11859 38 11760 0 0 0 7418 2468 0 25018 11024 11562 0 0 413 3629 4666 2354 0 0 0 6591 0 0 0 4302 0 2145 0
0 21761 0 27307 0 0 17146 0 129 8505 0 17825 0 4949 0 0 2151 0 2773 0 0 1150 6126 18958 0 0 16 8941 0 35746 413 0 4605 0 0 685 772 0 0 0 5150 9 0 7069 0 485
0 97 15721 2771 0 0 0 181 2217 2173 0 26945 0 12766 602 0 3749 16439 12270 0 0 0 0 1811 0 0 28949 10670 36 13626 3629 4605 0 0 93 0 0 0 0 0 10159 0 0 54 61 0
4653 0 1 0 10696 0 0 1358 1012 0 3475 0 24968 8686 17726 8869 0 0 3501 117 0 516 0 0 0 0 1094 0 4164 0 4666 0 0 0 4936 4406 195 18526 0 0 0 22859 27212 0 404 5300
0 0 0 0 0 0 0 16947 38861 0 2891 0 0 743 39703 0 0 0 0 0 0 0 0 0 0 0 9730 0 1221 0 2354 0 93 4936 0 172 0 3766 0 0 1023 223 23 0 0 0
59 3952 0 0 0 0 0 18489 6327 3881 27815 0 237 16213 344 2830 165 0 13777 0 0 11732 0 408 0 0 4883 987 0 2893 0 685 0 4406 172 0 2295 669 0 1551 3195 1793 0 2447 0 7420
8573 3441 0 8663 13805 7344 0 0 0 0 0 0 0 16 0 3502 5400 0 568 0 88 6885 6708 10457 10281 35764 0 48 1113 0 0 772 0 195 0 2295 0 55 57 8553 0 1130 0 0 0 0
24208 0 0 0 6423 6770 0 4805 1106 0 24194 0 8134 4439 6299 15463 0 0 447 0 1889 299 0 0 13261 0 0 0 7140 0 0 0 0 18526 3766 669 55 0 0 0 0 4351 145 0 0 14425
0 0 36486 29 3178 1915 0 0 0 9087 0 0 0 0 0 0 0 0 0 7708 0 0 0 1497 10077 686 8754 0 24722 0 6591 0 0 0 0 0 57 0 0 407 0 0 849 0 20180 0
247 6930 1386 0 5286 15806 0 0 0 2215 0 0 417 0 0 0 8201 0 1524 0 1149 11380 11573 3484 6563 25708 0 5107 624 0 0 0 0 0 0 1551 8553 0 407 0 0 5027 308 0 4245 2395
0 11454 0 0 0 0 0 10503 10065 0 504 117 0 16957 0 0 0 0 476 0 0 0 0 0 0 0 127 0 0 9891 0 5150 10159 0 1023 3195 0 0 0 0 0 0 0 7117 0 0
2690 0 0 0 1365 1042 0 643 0 0 2 0 16793 6286 2431 11098 3457 0 1172 0 0 2859 311 3985 17 181 0 2160 4625 1 0 9 0 22859 223 1793 1130 4351 0 5027 0 0 2820 0 0 4194
13 0 8973 0 19282 627 0 0 0 3150 0 0 2991 1227 0 2724 0 0 0 2552 0 0 0 0 5706 0 7520 0 15611 0 4302 0 0 27212 23 0 0 145 849 308 0 2820 0 0 4078 0
0 1248 0 0 0 0 0 7232 68 5407 0 39 0 8104 0 0 4992 0 0 0 0 0 0 0 0 0 0 0 0 16984 0 7069 54 0 0 2447 0 0 0 0 7117 0 0 0 0 0
0 0 14921 0 10651 2281 0 0 0 8134 0 0 0 2180 0 98 13 0 513 7018 0 0 0 1977 3952 0 0 0 5869 0 2145 0 61 404 0 0 0 0 20180 4245 0 0 4078 0 0 0
14793 4765 0 0 0 7401 7868 138 0 6100 8397 1033 18866 0 0 1942 247 0 0 0 0 5517 3449 0 0 2290 0 29049 179 13056 0 485 0 5300 0 7420 0 14425 0 2395 0 4194 0 0 0 0
