0 13730 34583 24715 0 1857 235 510 0 20935 19292 22067 0 2239 10014 206 0 0 0 0 0 24 43847 0 2000 0 0 0 3396 0 0 0 0 0 0 2408 3903 9206 0 0 88 2 4840 0 0 0
13730 0 7726 1852 28818 22867 384 12635 9561 8002 22062 0 0 28556 9745 0 1046 1631 0 1320 0 0 8963 0 2528 0 0 0 7 2733 1623 2612 14956 6241 26609 338 3123 18312 0 0 14136 0 10976 0 0 0
34583 7726 0 20148 0 1547 12274 8844 237 32416 0 18700 0 16506 0 949 1383 0 0 0 37 1036 6616 2096 16287 4529 12527 3483 14063 0 5451 0 0 0 0 0 14608 813 2456 12490 848 5206 0 737 0 817
24715 1852 20148 0 0 672 11352 552 0 0 8721 28888 0 0 0 0 508 0 0 0 0 0 1545 14915 39158 1416 0 6278 7704 0 0 1 0 0 0 0 0 1275 0 4054 0 25930 895 0 69 0
0 28818 0 0 0 23848 0 1918 21714 0 0 0 3 1273 29456 0 124 152 0 0 0 0 0 0 0 0 0 0 0 5822 58 1510 10614 1886 8501 6467 0 682 0 4095 18968 0 2527 0 0 1752
1857 22867 1547 672 23848 0 0 2573 7477 10 889 95 5841 4989 18202 56 17337 0 8899 362 8160 0 12627 1611 603 1024 86 571 235 437 11416 3173 5055 0 4101 0 2273 17466 1298 8318 4843 0 570 2245 0 3803
235 384 12274 11352 0 0 0 173 0 0 14932 201 0 0 0 0 2210 0 0 0 0 0 0 8299 34095 7429 27912 999 299 0 42 0 0 0 0 22330 0 19688 5727 6144 0 1457 684 0 0 3281
510 12635 8844 552 1918 2573 173 0 2567 12241 0 446 0 20722 908 5261 62 721 49 0 709 7981 4796 1297 7005 7978 3491 2381 32732 0 3734 6691 0 9208 4375 0 13846 0 487 3740 2599 0 0 19 2544 0
0 9561 237 0 21714 7477 0 2567 0 2824 0 0 8993 5925 762 18613 0 1780 932 3512 62 0 12849 45 0 285 0 9972 2417 28381 0 9414 0 15778 19 0 15408 284 0 0 13372 0 0 0 0 0
20935 8002 32416 0 0 10 0 12241 2824 0 0 4919 0 19700 0 6064 0 0 0 137 0 20811 13639 0 0 0 0 8240 25386 0 0 0 0 1033 0 0 15656 2 0 0 658 0 0 0 0 0
19292 22062 0 8721 0 889 14932 0 0 0 0 0 0 10 7616 0 0 0 0 0 0 0 1211 0 4436 0 481 0 28 0 0 0 0 0 0 32819 0 16040 0 0 0 89 26595 0 0 0
22067 0 18700 28888 0 95 201 446 0 4919 0 0 0 0 0 1782 0 0 0 0 0 646 72 1511 12513 0 0 6522 18699 0 0 0 0 0 0 0 496 0 0 0 0 9520 0 0 193 0
0 0 0 0 3 5841 0 0 8993 0 0 0 0 0 0 0 13001 1687 4910 15706 4853 0 0 682 2264 8854 590 3516 0 35969 6329 3683 23739 0 8210 286 0 0 0 2011 3731 0 79 13528 0 8993
2239 28556 16506 0 1273 4989 0 20722 5925 19700 10 0 0 0 1206 0 0 0 3236 2982 0 0 16930 0 0 0 0 586 3468 0 730 6939 0 7948 5923 0 22726 105 0 0 9161 0 0 0 0 0
10014 9745 0 0 29456 18202 0 908 762 0 7616 0 0 1206 0 0 2170 0 0 0 0 0 5801 0 0 0 0 0 0 0 0 485 8385 0 3781 5306 0 10103 0 3970 3716 0 7412 0 0 6522
206 0 949 0 0 56 0 5261 18613 6064 0 1782 0 0 0 0 0 0 4453 0 2 770 2124 16870 803 2072 0 22788 12079 2527 4189 2747 0 9503 753 0 12792 0 0 0 0 17 0 0 10816 0
0 1046 1383 508 124 17337 2210 62 0 0 0 0 13001 0 2170 0 0 0 5887 2619 0 0 576 88 13338 264 11971 0 0 0 10753 2554 10622 0 2385 430 0 3337 406 9582 0 0 1653 7519 0 9100
0 1631 0 0 152 0 0 721 1780 0 0 0 1687 0 0 0 0 0 1827 6365 0 0 32 0 0 0 0 0 0 9937 148 26424 7234 15299 2327 0 0 0 0 0 12811 0 0 0 0 0
0 0 0 0 0 8899 0 49 932 0 0 0 4910 3236 0 4453 5887 1827 0 5610 9106 0 2310 1079 0 2441 0 8279 1081 15450 4839 19077 1274 4224 390 0 4835 0 0 0 1844 0 0 908 0 8
0 1320 0 0 0 362 0 0 3512 137 0 0 15706 2982 0 0 2619 6365 5610 0 0 0 5776 0 0 0 0 0 0 2908 6938 13983 12690 6242 15524 0 491 0 0 0 5092 0 0 4140 0 1711
0 0 37 0 0 8160 0 709 62 0 0 0 4853 0 0 2 0 0 9106 0 0 0 0 5897 658 11694 504 0 0 13088 768 2804 0 0 0 0 0 0 0 664 0 0 0 0 0 0
24 0 1036 0 0 0 0 7981 0 20811 0 646 0 0 0 770 0 0 0 0 0 0 0 3164 0 0 0 3562 16429 0 0 0 0 154 0 0 794 0 0 0 0 0 0 0 2346 0
43847 8963 6616 1545 0 12627 0 4796 12849 13639 1211 72 0 16930 5801 2124 576 32 2310 5776 0 0 0 0 0 0 0 1755 9307 404 0 3232 0 13403 759 0 23921 7935 0 0 171 0 0 0 0 0
0 0 2096 14915 0 1611 8299 1297 45 0 0 1511 682 0 0 16870 88 0 1079 0 5897 3164 0 0 1572 65711 1047 56468 1204 7564 28596 4254 0 6004 0 0 0 0 14455 39 0 17282 0 5 33549 347
2000 2528 16287 39158 0 603 34095 7005 0 0 4436 12513 2264 0 0 803 13338 0 0 0 658 0 0 1572 0 30723 30763 4327 3597 0 17824 100 119 0 0 12 0 1984 17326 17074 0 22918 1130 1742 0 2279
0 0 4529 1416 0 1024 7429 7978 285 0 0 0 8854 0 0 2072 264 0 2441 0 11694 0 0 65711 30723 0 6326 15502 2697 11425 26800 1411 0 0 0 0 0 0 28395 3711 0 0 0 0 2075 0
0 0 12527 0 0 86 27912 3491 0 0 481 0 590 0 0 0 11971 0 0 0 504 0 0 1047 30763 6326 0 0 0 0 10310 0 340 0 0 2131 0 2767 23344 42924 0 0 0 11523 0 14698
0 0 3483 6278 0 571 999 2381 9972 8240 0 6522 3516 586 0 22788 0 0 8279 0 0 3562 1755 56468 4327 15502 0 0 14615 9436 29 10947 0 9556 0 0 8273 0 0 0 3567 11892 0 0 25256 0
3396 7 14063 7704 0 235 299 32732 2417 25386 28 18699 0 3468 0 12079 0 0 1081 0 0 16429 9307 1204 3597 2697 0 14615 0 0 257 754 0 4453 908 0 10761 0 0 141 0 3978 0 0 5403 0
0 2733 0 0 5822 437 0 0 28381 0 0 0 35969 0 0 2527 0 9937 15450 2908 13088 0 404 7564 0 11425 0 9436 0 0 2869 24200 8195 4673 7172 0 0 0 0 0 7757 0 0 0 0 0
0 1623 5451 0 58 11416 42 3734 0 0 0 0 6329 730 0 4189 10753 148 4839 6938 768 0 0 28596 17824 26800 10310 29 257 2869 0 7066 3133 0 12739 0 152 0 6566 5789 0 18 0 19159 0 16062
0 2612 0 1 1510 3173 0 6691 9414 0 0 0 3683 6939 485 2747 2554 26424 19077 13983 2804 0 3232 4254 100 1411 0 10947 754 24200 7066 0 6699 22500 13498 0 7808 0 0 188 13642 0 0 10 0 0
0 14956 0 0 10614 5055 0 0 0 0 0 0 23739 0 8385 0 10622 7234 1274 12690 0 0 0 0 119 0 340 0 0 8195 3133 6699 0 1250 36709 1180 0 1065 0 2499 75 0 0 4480 0 15470
0 6241 0 0 1886 0 0 9208 15778 1033 0 0 0 7948 0 9503 0 15299 4224 6242 0 154 13403 6004 0 0 0 9556 4453 4673 0 22500 1250 0 295 0 17339 0 0 0 8867 0 0 0 3182 0
0 26609 0 0 8501 4101 0 4375 19 0 0 0 8210 5923 3781 753 2385 2327 390 15524 0 0 759 0 0 0 0 0 908 7172 12739 13498 36709 295 0 0 4471 0 0 0 1303 0 0 168 0 5118
2408 338 0 0 6467 0 22330 0 0 0 32819 0 286 0 5306 0 430 0 0 0 0 0 0 0 12 0 2131 0 0 0 0 0 1180 0 0 0 0 22835 0 47 0 0 26209 0 0 7229
3903 3123 14608 0 0 2273 0 13846 15408 15656 0 496 0 22726 0 12792 0 0 4835 491 0 794 23921 0 0 0 0 8273 10761 0 152 7808 0 17339 4471 0 0 0 0 0 830 0 0 0 853 0
9206 18312 813 1275 682 17466 19688 0 284 2 16040 0 0 105 10103 0 3337 0 0 0 0 0 7935 0 1984 0 2767 0 0 0 0 0 1065 0 0 22835 0 0 0 0 58 0 18874 0 0 7326
0 0 2456 0 0 1298 5727 487 0 0 0 0 0 0 0 0 406 0 0 0 0 0 0 14455 17326 28395 23344 0 0 0 6566 0 0 0 0 0 0 0 0 3522 0 0 0 0 0 4
0 0 12490 4054 4095 8318 6144 3740 0 0 0 0 2011 0 3970 0 9582 0 0 0 664 0 0 39 17074 3711 42924 0 141 0 5789 188 2499 0 0 47 0 0 3522 0 0 0 277 11555 0 17078
88 14136 848 0 18968 4843 0 2599 13372 658 0 0 3731 9161 3716 0 0 12811 1844 5092 0 0 171 0 0 0 0 3567 0 7757 0 13642 75 8867 1303 0 830 58 0 0 0 0 0 0 0 0
2 0 5206 25930 0 0 1457 0 0 0 89 9520 0 0 0 17 0 0 0 0 0 0 0 17282 22918 0 0 11892 3978 0 18 0 0 0 0 0 0 0 0 0 0 0 0 0 22 0
4840 10976 0 895 2527 570 684 0 0 0 26595 0 79 0 7412 0 1653 0 0 0 0 0 0 0 1130 0 0 0 0 0 0 0 0 0 0 26209 0 18874 0 277 0 0 0 0 0 0
0 0 737 0 0 2245 0 19 0 0 0 0 13528 0 0 0 7519 0 908 4140 0 0 0 5 1742 0 11523 0 0 0 19159 10 4480 0 168 0 0 0 0 11555 0 0 0 0 0 16217
0 0 0 69 0 0 0 2544 0 0 0 193 0 0 0 10816 0 0 0 0 0 2346 0 33549 0 2075 0 25256 5403 0 0 0 0 3182 0 0 853 0 0 0 0 22 0 0 0 0
0 0 817 0 1752 3803 3281 0 0 0 0 0 8993 0 6522 0 9100 0 8 1711 0 0 0 347 2279 0 14698 0 0 0 16062 0 15470 0 5118 7229 0 7326 4 17078 0 0 0 16217 0 0
