1	0	0.00018281	0.00010704	0.00010397	4.9521e-05	0.00012343	0.00017285	0.00020321	8.098e-05	7.6552e-05	0.00016323	0.00023038	0.00018529	3.5983e-05	0.00025414	0.00022603	0.00035729	0.00068264	6.5683e-05	0.001042	0.00044564	0.00012578	0.00028978	9.4132e-05	0.00018993	0.00010704	0.00010694	4.6426e-05	0.00012343	0.00018668	0.0002069	8.5029e-05	6.8046e-05	0.00018087	0.0002608	0.00014999	3.0843e-05	0.00019889	0.00024921	0.00038977	0.00085858	4.3789e-05	0.00094183	0.00040926	0.00012578	0.00049842	1.5061e-05
2	0.011276	0.0011799	0.00052304	0.00088227	0.0003126	0.00086724	0.0011685	0.0010493	0.00079765	0.00054437	0.0012705	0.001956	0.0014426	0.00032899	0.0013757	0.0016865	0.0025985	0.0048911	0.00042329	0.0064626	0.0031286	0.0010062	0.0023066	0.00049325	0.0012108	0.00060818	0.00092386	0.00036212	0.00086074	0.0012134	0.0010899	0.00070857	0.00045931	0.0011205	0.0018952	0.0013896	0.00039067	0.0014254	0.0017735	0.0027934	0.0051022	0.00043059	0.0070137	0.0031649	0.0009559	0.0028862	0.00011296
3	0.022551	0.0029771	0.0017759	0.0021775	0.0011204	0.0023776	0.0033983	0.0028929	0.001903	0.0012759	0.0033793	0.0048466	0.0037498	0.00093042	0.0038121	0.0042598	0.0072757	0.01442	0.0012115	0.018376	0.008167	0.0024778	0.0064911	0.0013969	0.003065	0.0018026	0.0022933	0.00097184	0.0022802	0.0034017	0.0030666	0.0017937	0.0013907	0.0032778	0.0049944	0.003569	0.00085331	0.0038784	0.0047756	0.007633	0.013048	0.0011677	0.019508	0.0082488	0.0025784	0.0080327	0.00033135
4	0.033827	0.0061418	0.0031844	0.0041173	0.0019313	0.0050443	0.0066686	0.0056381	0.0037656	0.0025858	0.0065159	0.009741	0.0068953	0.0019379	0.0071435	0.0088499	0.014246	0.027974	0.0021822	0.03592	0.015515	0.0047544	0.012889	0.0028277	0.0063199	0.0035396	0.0047441	0.0019313	0.0045766	0.0062849	0.0059632	0.0038749	0.0025815	0.0066394	0.009767	0.0069174	0.001794	0.0073977	0.0088441	0.014402	0.026764	0.002569	0.035659	0.016771	0.0049179	0.014535	0.00062127
5	0.045102	0.010199	0.0056926	0.0067938	0.0032467	0.0078961	0.01072	0.0094806	0.0061706	0.0041848	0.011104	0.016083	0.011497	0.0027758	0.011867	0.014373	0.024237	0.044125	0.0031747	0.059676	0.025674	0.0074208	0.020516	0.0045937	0.010275	0.0058264	0.007483	0.0030177	0.0073959	0.010838	0.0095286	0.005871	0.0041423	0.01042	0.015744	0.011585	0.003002	0.012215	0.015057	0.024263	0.043562	0.0038972	0.060738	0.02642	0.0084396	0.024191	0.00083966
6	0.056378	0.014985	0.0080937	0.010225	0.0052151	0.01219	0.016044	0.013774	0.0092033	0.0063623	0.017029	0.023942	0.016932	0.004354	0.017055	0.021212	0.035846	0.065196	0.0053496	0.085747	0.037906	0.011345	0.030323	0.0069959	0.015052	0.0087773	0.011419	0.0046333	0.011342	0.015982	0.014358	0.0086972	0.0062688	0.015224	0.024029	0.017567	0.0044825	0.018718	0.02335	0.035969	0.065428	0.0055831	0.08741	0.040207	0.010779	0.036246	0.0011221
7	0.067653	0.021077	0.011339	0.014167	0.0069329	0.016559	0.022115	0.019076	0.012625	0.0091012	0.022967	0.033335	0.024749	0.0058653	0.024016	0.030004	0.050657	0.092628	0.0069989	0.12125	0.053777	0.015684	0.04407	0.0095751	0.021291	0.012426	0.015997	0.0064965	0.015773	0.022125	0.02011	0.01241	0.0088885	0.021643	0.033161	0.024184	0.0063587	0.025436	0.031592	0.050982	0.089341	0.0079185	0.12272	0.057005	0.016804	0.051581	0.0014986
8	0.078929	0.028549	0.015129	0.019015	0.0093563	0.021915	0.029665	0.026473	0.017439	0.012095	0.030678	0.04448	0.033316	0.0084201	0.032817	0.039236	0.065468	0.12378	0.0099255	0.16302	0.072621	0.020288	0.057249	0.012877	0.02839	0.01635	0.021252	0.0088518	0.020434	0.029139	0.027352	0.016281	0.011538	0.029461	0.044536	0.032866	0.0081219	0.034309	0.041786	0.065858	0.12008	0.010458	0.16451	0.075867	0.02191	0.066754	0.0019542
9	0.090204	0.035861	0.019943	0.024121	0.011891	0.028599	0.038349	0.033278	0.022164	0.015276	0.040269	0.05662	0.041456	0.01061	0.042342	0.050816	0.083411	0.15744	0.013035	0.20606	0.0896	0.02591	0.074601	0.016688	0.036715	0.020926	0.027757	0.011176	0.02717	0.037118	0.034538	0.021229	0.015204	0.036951	0.05619	0.041822	0.011083	0.044889	0.053151	0.085762	0.15221	0.012998	0.20606	0.096294	0.027772	0.084523	0.0021801
10	0.10148	0.044885	0.025128	0.031426	0.014819	0.036229	0.047745	0.041776	0.027691	0.019189	0.049357	0.070808	0.052039	0.013406	0.052066	0.062743	0.1048	0.19412	0.016136	0.25277	0.11304	0.03201	0.090748	0.020698	0.04602	0.026877	0.034349	0.014404	0.033023	0.047887	0.043934	0.026622	0.018972	0.047464	0.071247	0.052383	0.013525	0.055419	0.068035	0.10698	0.19091	0.016085	0.25345	0.1196	0.034815	0.10506	0.0026319
11	0.11276	0.055146	0.03109	0.038	0.0187	0.043875	0.058158	0.052014	0.034242	0.023191	0.060571	0.085321	0.063324	0.01701	0.063248	0.076728	0.12769	0.23324	0.01972	0.30604	0.13815	0.03928	0.11285	0.025709	0.05553	0.032849	0.041799	0.0178	0.0409	0.05777	0.053082	0.032473	0.022783	0.058414	0.085582	0.06388	0.016599	0.069656	0.082877	0.1298	0.22691	0.020391	0.31014	0.14601	0.042085	0.12658	0.0031177
12	0.12403	0.066781	0.037413	0.04608	0.022055	0.051911	0.071056	0.062089	0.041085	0.028456	0.072831	0.10344	0.077145	0.020608	0.076524	0.09171	0.15385	0.2764	0.024077	0.3639	0.16378	0.047783	0.13499	0.031184	0.066515	0.039948	0.050402	0.021631	0.049014	0.069721	0.064014	0.039004	0.028137	0.070254	0.10292	0.076885	0.020284	0.081474	0.098404	0.15504	0.27319	0.024471	0.36259	0.17471	0.051493	0.15031	0.0035808
13	0.13531	0.079031	0.043976	0.054995	0.026676	0.061795	0.083014	0.074223	0.048742	0.034572	0.087036	0.12136	0.091311	0.024705	0.090745	0.11183	0.1794	0.32446	0.028945	0.42297	0.19194	0.0566	0.15834	0.037325	0.079069	0.047628	0.060791	0.025519	0.058975	0.08124	0.076403	0.04626	0.034687	0.082113	0.12097	0.091165	0.024746	0.098081	0.11682	0.1825	0.32002	0.029229	0.42626	0.20407	0.059681	0.18095	0.0039686
14	0.14658	0.091852	0.052316	0.063818	0.031733	0.072403	0.098256	0.086267	0.056269	0.039803	0.10115	0.1426	0.10597	0.029193	0.10487	0.12762	0.20832	0.37269	0.033878	0.49099	0.22461	0.066611	0.1856	0.043116	0.092742	0.055174	0.069592	0.031046	0.068989	0.096237	0.088965	0.055293	0.039501	0.098096	0.14296	0.10573	0.028494	0.11482	0.13518	0.2127	0.36741	0.034849	0.49375	0.23777	0.068347	0.20839	0.004733
15	0.15786	0.10733	0.061599	0.074987	0.037766	0.084976	0.11343	0.10095	0.066452	0.045557	0.11673	0.16326	0.12257	0.034976	0.12233	0.14699	0.23983	0.42627	0.039673	0.55661	0.25644	0.077328	0.2157	0.050481	0.10643	0.064618	0.082027	0.036521	0.080367	0.1105	0.10377	0.06435	0.04591	0.11295	0.16372	0.12363	0.034292	0.13041	0.1571	0.24163	0.42509	0.040359	0.55939	0.26844	0.080837	0.23869	0.0055877
16	0.16913	0.12135	0.070313	0.088067	0.043566	0.096358	0.13007	0.11489	0.076878	0.053306	0.13533	0.18621	0.13967	0.040615	0.13982	0.1682	0.26853	0.48089	0.046591	0.62496	0.28939	0.087553	0.24391	0.058987	0.12184	0.07502	0.094299	0.042727	0.092285	0.12697	0.11915	0.07472	0.054058	0.13052	0.18569	0.14032	0.040003	0.14889	0.18064	0.27463	0.47377	0.047351	0.62665	0.30556	0.093037	0.27132	0.0061299
17	0.18041	0.13838	0.081851	0.10025	0.050616	0.10975	0.14685	0.13063	0.088284	0.061352	0.15378	0.20993	0.1591	0.04704	0.15774	0.19076	0.30186	0.53321	0.053583	0.69059	0.32728	0.10107	0.27362	0.068156	0.13847	0.085792	0.10773	0.050047	0.10537	0.14588	0.13635	0.084948	0.061871	0.1486	0.2091	0.16079	0.047657	0.17167	0.20305	0.30994	0.5284	0.054036	0.6953	0.34097	0.10712	0.3084	0.0074289
18	0.19168	0.15658	0.092127	0.11432	0.057973	0.12497	0.1664	0.14867	0.099431	0.070122	0.17235	0.23502	0.17848	0.053677	0.1779	0.21453	0.33757	0.59844	0.061166	0.76458	0.36667	0.11175	0.30643	0.077189	0.15595	0.098041	0.12367	0.056899	0.11907	0.16315	0.15309	0.09637	0.070879	0.16867	0.23604	0.18162	0.055609	0.19162	0.22503	0.34438	0.58606	0.062837	0.77366	0.37725	0.11939	0.3393	0.0085886
19	0.20296	0.17619	0.10523	0.13043	0.066023	0.14034	0.1864	0.16801	0.11201	0.078832	0.19385	0.26485	0.19956	0.063371	0.19973	0.24145	0.37498	0.6502	0.069581	0.83382	0.40353	0.13049	0.34407	0.089738	0.17405	0.11086	0.13823	0.064965	0.13464	0.18319	0.17272	0.11082	0.08083	0.18882	0.26441	0.20372	0.062045	0.21185	0.25466	0.37999	0.64711	0.073106	0.84463	0.42175	0.1329	0.37306	0.0098801
20	0.21424	0.1951	0.11925	0.14674	0.074844	0.15735	0.20642	0.18639	0.12876	0.090059	0.21478	0.29245	0.22308	0.071596	0.22156	0.26602	0.41305	0.71457	0.080747	0.91107	0.44767	0.14532	0.37922	0.10088	0.19414	0.12628	0.15713	0.074519	0.15076	0.20415	0.19328	0.12493	0.090986	0.21162	0.29337	0.22647	0.07283	0.23284	0.27978	0.41861	0.70392	0.082623	0.91888	0.4604	0.14991	0.41235	0.011495
21	0.22551	0.21823	0.13473	0.16623	0.086153	0.17488	0.22878	0.20732	0.1438	0.10147	0.24049	0.32352	0.2483	0.082746	0.24722	0.29733	0.45467	0.77498	0.091913	0.98503	0.48601	0.15884	0.41696	0.11466	0.21521	0.14147	0.17425	0.084442	0.1689	0.22589	0.21329	0.14	0.10257	0.23539	0.32239	0.25212	0.084036	0.26096	0.31009	0.45797	0.76389	0.092424	0.98944	0.50458	0.16781	0.45213	0.013792
22	0.23679	0.23999	0.15012	0.18529	0.096639	0.19392	0.25328	0.2301	0.16003	0.11391	0.26766	0.35302	0.27446	0.094708	0.27362	0.32498	0.49058	0.83091	0.10314	1.0598	0.53057	0.17893	0.46048	0.12753	0.23686	0.15871	0.19345	0.095937	0.18784	0.24906	0.23727	0.15657	0.11579	0.25984	0.35285	0.27609	0.095057	0.28601	0.33967	0.49919	0.82385	0.10538	1.061	0.54879	0.18545	0.49623	0.015829
23	0.24806	0.26409	0.16745	0.20715	0.10971	0.21455	0.27633	0.25425	0.17937	0.12623	0.29243	0.38442	0.30091	0.1075	0.29669	0.3587	0.53453	0.88817	0.11667	1.1381	0.57251	0.19771	0.49839	0.14247	0.26079	0.17548	0.21705	0.10808	0.20824	0.27363	0.26347	0.17615	0.12947	0.28808	0.38512	0.30777	0.10927	0.31298	0.37025	0.5378	0.89077	0.11818	1.1344	0.59169	0.20099	0.53368	0.018273
24	0.25934	0.28898	0.18821	0.22756	0.12326	0.23534	0.30379	0.28146	0.19681	0.14251	0.32139	0.41924	0.32932	0.12114	0.32382	0.38613	0.5712	0.95524	0.13185	1.1994	0.61743	0.21591	0.5453	0.16014	0.28692	0.19504	0.23916	0.12197	0.22964	0.30013	0.28843	0.19499	0.14459	0.31646	0.42117	0.33454	0.12303	0.34486	0.40588	0.58503	0.94885	0.13137	1.2082	0.63028	0.22383	0.57653	0.021752
25	0.27061	0.31648	0.20628	0.25311	0.13769	0.25759	0.33307	0.31009	0.22051	0.15811	0.35074	0.4513	0.36066	0.13847	0.35205	0.42404	0.61649	1.0139	0.14835	1.2675	0.66773	0.24074	0.58373	0.1792	0.31167	0.21629	0.26333	0.13787	0.25237	0.32698	0.31781	0.21713	0.16244	0.34665	0.45476	0.36662	0.13646	0.37194	0.44	0.62235	1.0038	0.15085	1.2773	0.67989	0.24589	0.61866	0.025265
26	0.28189	0.3445	0.22984	0.27847	0.15514	0.28119	0.36117	0.33536	0.24159	0.17679	0.38326	0.4904	0.39446	0.15582	0.38196	0.45778	0.66006	1.0668	0.16635	1.3326	0.71256	0.26178	0.62981	0.19824	0.34023	0.23889	0.28966	0.15379	0.27664	0.35649	0.34572	0.24115	0.17958	0.37617	0.49516	0.39935	0.15667	0.40287	0.47548	0.66572	1.0601	0.16655	1.333	0.72205	0.26865	0.6658	0.029151
27	0.29316	0.37447	0.25516	0.30816	0.17302	0.30824	0.39111	0.36497	0.26595	0.19597	0.41459	0.52726	0.42531	0.17533	0.41552	0.49341	0.70244	1.125	0.18416	1.4034	0.7553	0.28374	0.67526	0.21823	0.36968	0.26225	0.31684	0.17243	0.30277	0.38606	0.37644	0.26081	0.20126	0.41061	0.52694	0.4335	0.17221	0.43367	0.5101	0.70915	1.1173	0.18602	1.406	0.76778	0.29169	0.70958	0.034388
28	0.30444	0.40489	0.27959	0.33796	0.19311	0.33644	0.42147	0.40004	0.2925	0.21756	0.44848	0.5638	0.46126	0.19562	0.44955	0.52872	0.7411	1.1881	0.20496	1.4649	0.79639	0.30936	0.71572	0.24204	0.39906	0.2871	0.34759	0.19288	0.32986	0.42	0.40758	0.28894	0.22074	0.44534	0.56561	0.46922	0.19622	0.46521	0.54811	0.75252	1.1765	0.20714	1.4647	0.81824	0.31818	0.75017	0.040319
29	0.31572	0.43492	0.3074	0.36762	0.21567	0.36451	0.45532	0.43617	0.32076	0.23916	0.48672	0.60054	0.49922	0.21829	0.48299	0.57029	0.78565	1.2393	0.22495	1.5111	0.84301	0.33821	0.76232	0.26793	0.43349	0.31393	0.37748	0.2149	0.36008	0.45051	0.4424	0.31719	0.24611	0.48214	0.60534	0.50607	0.21902	0.50116	0.58692	0.79872	1.2261	0.23026	1.5214	0.86164	0.34639	0.79772	0.047183
30	0.32699	0.46879	0.33773	0.40244	0.23973	0.39835	0.48631	0.46871	0.35282	0.26779	0.52494	0.64319	0.53556	0.24475	0.5166	0.60741	0.82902	1.2874	0.25155	1.5661	0.89556	0.36811	0.81061	0.29373	0.46659	0.34702	0.41165	0.23939	0.39139	0.48451	0.47667	0.34741	0.27142	0.51854	0.64443	0.54232	0.24269	0.53819	0.62817	0.83968	1.2784	0.25279	1.5717	0.90272	0.37928	0.84365	0.054168
31	0.33827	0.50414	0.36783	0.43907	0.26483	0.42979	0.52415	0.50712	0.38296	0.29353	0.56181	0.68291	0.57652	0.27287	0.55443	0.65218	0.87435	1.3427	0.28067	1.6202	0.9397	0.39956	0.85762	0.32362	0.50015	0.37877	0.44672	0.26491	0.4233	0.5194	0.51498	0.37874	0.30127	0.56003	0.68616	0.58439	0.26842	0.56606	0.66713	0.88358	1.3282	0.28179	1.6219	0.94865	0.40735	0.88939	0.063088
32	0.34954	0.54196	0.40542	0.4768	0.29325	0.46264	0.5588	0.54651	0.41628	0.32426	0.60221	0.72751	0.61419	0.30193	0.58827	0.69218	0.91995	1.3864	0.30831	1.6561	0.98247	0.42872	0.90097	0.35262	0.53837	0.41323	0.48296	0.29336	0.45687	0.55816	0.55253	0.4119	0.32887	0.60022	0.731	0.62469	0.29942	0.60764	0.70745	0.92815	1.3764	0.30883	1.6645	0.98959	0.439	0.93637	0.073163
33	0.36082	0.5817	0.44001	0.51445	0.32327	0.5022	0.59617	0.59078	0.45558	0.35469	0.64534	0.7711	0.65817	0.33251	0.62737	0.7311	0.96432	1.4353	0.33723	1.7097	1.0353	0.462	0.95743	0.38929	0.57593	0.44796	0.52456	0.32179	0.49481	0.59488	0.59504	0.44852	0.36526	0.64354	0.77333	0.66693	0.32841	0.64233	0.74723	0.97315	1.4198	0.34155	1.7141	1.0459	0.47146	0.98195	0.084806
34	0.37209	0.62034	0.47694	0.55277	0.35961	0.54002	0.63717	0.62964	0.49288	0.39241	0.69515	0.81301	0.70368	0.36768	0.66915	0.78052	1.0072	1.4769	0.36659	1.7304	1.0814	0.49491	1.0045	0.4229	0.61541	0.48873	0.56358	0.35634	0.53355	0.63323	0.63664	0.4878	0.40017	0.69106	0.81817	0.71359	0.36673	0.68885	0.79727	1.018	1.4557	0.37457	1.7439	1.0859	0.50925	1.0252	0.099103
35	0.38337	0.66059	0.52135	0.60145	0.39385	0.581	0.6791	0.67184	0.53105	0.43011	0.73645	0.858	0.74569	0.40241	0.71059	0.82581	1.0497	1.5071	0.40703	1.7715	1.118	0.53575	1.0465	0.45763	0.65747	0.5289	0.61126	0.3941	0.57756	0.67569	0.6834	0.52614	0.44067	0.73401	0.86313	0.76341	0.4032	0.72942	0.83545	1.0588	1.4978	0.40995	1.7651	1.1257	0.54142	1.0713	0.11379
36	0.39464	0.70525	0.56274	0.64316	0.43274	0.6224	0.72157	0.7219	0.57583	0.47446	0.78614	0.90772	0.79659	0.44221	0.75233	0.86732	1.0932	1.5529	0.44517	1.7972	1.1693	0.57431	1.0955	0.49998	0.70144	0.57473	0.65388	0.43305	0.61924	0.71965	0.72917	0.57165	0.48042	0.78221	0.90712	0.80511	0.44338	0.77325	0.88091	1.0983	1.5298	0.44895	1.81	1.1728	0.58174	1.1272	0.13319
37	0.40592	0.7506	0.61117	0.69366	0.47507	0.6695	0.76836	0.77112	0.62358	0.51887	0.83253	0.95131	0.84431	0.48677	0.79751	0.91314	1.1352	1.5792	0.48456	1.8174	1.2117	0.61653	1.1379	0.54454	0.74906	0.62093	0.70297	0.47696	0.66481	0.76154	0.7773	0.61757	0.52783	0.83006	0.95514	0.85306	0.4902	0.81188	0.9327	1.1422	1.5734	0.48966	1.8311	1.2107	0.62288	1.1611	0.15007
38	0.4172	0.79588	0.66137	0.74531	0.51916	0.71607	0.81395	0.82388	0.67048	0.5665	0.88722	0.99735	0.89061	0.53367	0.84284	0.96594	1.1826	1.6084	0.53033	1.8449	1.2499	0.66527	1.1871	0.5907	0.7943	0.67118	0.75135	0.51905	0.71151	0.81023	0.82687	0.66859	0.57458	0.87796	1.0045	0.9043	0.53159	0.85644	0.98119	1.1855	1.597	0.53356	1.8479	1.2582	0.66663	1.2119	0.17554
39	0.42847	0.84613	0.71241	0.79652	0.56878	0.76358	0.85839	0.8722	0.72361	0.61679	0.93724	1.0527	0.94344	0.58092	0.88909	1.0103	1.2215	1.6427	0.57973	1.8484	1.2983	0.70151	1.23	0.63851	0.84432	0.71998	0.80449	0.56975	0.76659	0.85894	0.87952	0.71715	0.6233	0.93265	1.0547	0.95933	0.57773	0.90255	1.0244	1.2251	1.6157	0.57766	1.8589	1.3023	0.71578	1.2594	0.20123
40	0.43975	0.89854	0.76866	0.85068	0.62155	0.81735	0.90991	0.92542	0.77452	0.67086	0.99391	1.101	0.99504	0.62713	0.93725	1.0621	1.2579	1.6689	0.62259	1.8596	1.3391	0.75508	1.2702	0.69144	0.89602	0.77472	0.85563	0.61874	0.8138	0.90923	0.93264	0.77034	0.67845	0.99199	1.1011	1.0115	0.63003	0.95304	1.078	1.2648	1.6527	0.62723	1.8757	1.3396	0.76134	1.2913	0.22822
41	0.45102	0.948	0.82464	0.90745	0.67146	0.87155	0.95867	0.98442	0.83268	0.72603	1.0442	1.1507	1.0476	0.68268	0.98751	1.1195	1.3014	1.6831	0.6798	1.8759	1.3796	0.80112	1.3206	0.74331	0.95018	0.83504	0.91172	0.67662	0.86735	0.95403	0.98737	0.82794	0.73657	1.046	1.1521	1.0592	0.68385	0.99505	1.1277	1.306	1.6719	0.68387	1.8791	1.3828	0.80459	1.3334	0.25906
42	0.4623	1.0018	0.88434	0.9626	0.73206	0.92792	1.0147	1.0435	0.88984	0.78711	1.1034	1.2004	1.1037	0.74154	1.0344	1.1677	1.3516	1.7086	0.73448	1.8669	1.4153	0.84515	1.3603	0.802	1.0005	0.89214	0.97292	0.73292	0.92816	1.0132	1.0448	0.8858	0.7971	1.1067	1.2039	1.1117	0.73954	1.0466	1.172	1.344	1.6883	0.73957	1.8695	1.425	0.85545	1.371	0.29161
43	0.47357	1.0595	0.9469	1.0256	0.79278	0.98221	1.0654	1.1009	0.95147	0.85081	1.1667	1.251	1.1605	0.80114	1.091	1.2164	1.3898	1.7189	0.79343	1.8653	1.4646	0.89865	1.4041	0.86212	1.0555	0.95566	1.0301	0.79167	0.98187	1.0629	1.1033	0.94809	0.85754	1.1636	1.2573	1.1671	0.79874	1.0953	1.2214	1.3863	1.7188	0.79697	1.8643	1.4674	0.90816	1.416	0.32583
44	0.48485	1.118	1.0101	1.0923	0.85914	1.0473	1.1202	1.1622	1.0166	0.91583	1.2237	1.3	1.2186	0.85841	1.137	1.2661	1.4323	1.7361	0.85343	1.8636	1.4996	0.94872	1.4458	0.92494	1.1121	1.0215	1.0945	0.8583	1.0434	1.122	1.1657	1.0105	0.92339	1.2262	1.307	1.2269	0.8636	1.1495	1.2758	1.4276	1.7228	0.85948	1.8585	1.5057	0.96426	1.4567	0.36702
45	0.49612	1.1756	1.0823	1.1565	0.92791	1.1068	1.1793	1.2241	1.0799	0.98405	1.2838	1.3566	1.2768	0.92591	1.1935	1.3199	1.4679	1.7475	0.91746	1.8454	1.5313	1.002	1.4814	0.99217	1.1762	1.0863	1.1582	0.92682	1.107	1.1751	1.2243	1.0742	0.99658	1.285	1.363	1.286	0.92307	1.201	1.3195	1.4617	1.7407	0.92269	1.8522	1.538	1.0208	1.4868	0.41045
46	0.5074	1.2366	1.1508	1.2167	0.99608	1.1713	1.2377	1.2876	1.1481	1.056	1.3447	1.4044	1.329	0.98927	1.2472	1.3682	1.5113	1.7563	0.98237	1.839	1.5668	1.0656	1.5196	1.0553	1.2385	1.1592	1.224	0.99942	1.1682	1.2378	1.2913	1.1482	1.0691	1.3444	1.4094	1.342	0.98864	1.2551	1.3786	1.5114	1.7481	0.99199	1.8406	1.5795	1.0748	1.5174	0.45884
47	0.51868	1.302	1.2264	1.285	1.071	1.2434	1.2995	1.3538	1.2257	1.1307	1.4111	1.4625	1.3837	1.0574	1.3078	1.4259	1.5482	1.7632	1.0559	1.817	1.6073	1.1208	1.5599	1.1251	1.2959	1.2297	1.2923	1.0707	1.2353	1.2988	1.3509	1.219	1.1448	1.4056	1.4643	1.3949	1.0576	1.3154	1.4316	1.5417	1.7635	1.061	1.8128	1.608	1.1289	1.5614	0.51391
48	0.52995	1.3631	1.3003	1.3519	1.148	1.307	1.36	1.4171	1.2921	1.2103	1.4659	1.5126	1.4474	1.1275	1.3665	1.4787	1.5824	1.7646	1.129	1.796	1.6403	1.1768	1.5953	1.1959	1.3625	1.305	1.3574	1.1507	1.3053	1.3608	1.417	1.2866	1.2213	1.4721	1.5171	1.4556	1.129	1.3614	1.4772	1.5763	1.7666	1.1279	1.7959	1.6394	1.1941	1.5919	0.57399
49	0.54123	1.4267	1.3753	1.4304	1.2298	1.3727	1.4198	1.4855	1.3592	1.2893	1.5388	1.5659	1.5118	1.2006	1.4169	1.5349	1.6137	1.7706	1.2017	1.7785	1.6778	1.2397	1.6276	1.2767	1.429	1.3792	1.4272	1.2282	1.3735	1.4192	1.4802	1.3583	1.3012	1.5339	1.5698	1.5092	1.2015	1.4237	1.527	1.6163	1.7529	1.2102	1.7711	1.6781	1.2531	1.6209	0.63832
50	0.5525	1.4879	1.4499	1.4983	1.3066	1.4422	1.4775	1.553	1.4421	1.37	1.5953	1.6134	1.5641	1.2741	1.4795	1.5848	1.6579	1.7598	1.2753	1.7437	1.7102	1.3024	1.6613	1.3487	1.4913	1.45	1.4941	1.3097	1.4392	1.4803	1.5443	1.436	1.3734	1.594	1.6157	1.5699	1.2678	1.4727	1.5811	1.6478	1.7625	1.2809	1.7433	1.7088	1.3114	1.6551	0.70041
51	0.56378	1.5541	1.5237	1.5587	1.3922	1.5115	1.538	1.612	1.5096	1.4474	1.6547	1.6642	1.6187	1.3484	1.534	1.6286	1.6906	1.7586	1.3565	1.7154	1.7301	1.3623	1.69	1.4264	1.5568	1.5299	1.5606	1.393	1.5106	1.5416	1.6138	1.5115	1.4539	1.6554	1.6646	1.627	1.3526	1.5329	1.6267	1.6826	1.7548	1.3617	1.7104	1.737	1.3727	1.6715	0.7647
52	0.57505	1.6172	1.6045	1.6342	1.4688	1.5829	1.5997	1.6787	1.5849	1.5309	1.71	1.7113	1.6737	1.4213	1.5936	1.6796	1.7212	1.756	1.4347	1.6828	1.7623	1.4381	1.714	1.4997	1.6219	1.6052	1.6262	1.4749	1.5797	1.6018	1.6812	1.5834	1.5341	1.7147	1.7087	1.6729	1.4239	1.5858	1.676	1.7114	1.7576	1.4335	1.6827	1.7499	1.4379	1.7026	0.83314
53	0.58633	1.6787	1.681	1.698	1.559	1.6511	1.6602	1.7435	1.6596	1.6107	1.7737	1.7556	1.729	1.4999	1.6424	1.7295	1.7526	1.7425	1.5163	1.6483	1.7953	1.5001	1.7379	1.581	1.6835	1.6813	1.6921	1.5624	1.6567	1.6636	1.7457	1.6569	1.6168	1.7784	1.753	1.7327	1.5003	1.6352	1.7211	1.7443	1.7433	1.5149	1.6438	1.7885	1.5025	1.7135	0.90234
54	0.5976	1.7445	1.7575	1.7626	1.6436	1.7217	1.7202	1.809	1.7331	1.6908	1.8376	1.8058	1.7787	1.5752	1.7045	1.77	1.786	1.7316	1.5967	1.6155	1.815	1.5615	1.7633	1.6573	1.7507	1.7585	1.757	1.6467	1.7233	1.7224	1.8041	1.7359	1.6962	1.8379	1.8017	1.7833	1.5769	1.6975	1.7613	1.7788	1.738	1.6032	1.6107	1.8133	1.5743	1.7438	0.98499
55	0.60888	1.8109	1.8343	1.8318	1.7352	1.7871	1.7751	1.8717	1.8153	1.7687	1.8864	1.8508	1.8382	1.6473	1.7598	1.8088	1.8121	1.7142	1.6796	1.5809	1.831	1.6336	1.7842	1.7391	1.8143	1.8366	1.8313	1.7329	1.7881	1.7796	1.8701	1.8074	1.7807	1.8919	1.8471	1.8366	1.65	1.7446	1.8027	1.8031	1.7145	1.6808	1.5646	1.8187	1.6387	1.7525	1.0708
56	0.62016	1.872	1.9137	1.8965	1.8198	1.8552	1.8333	1.9314	1.8787	1.8534	1.9472	1.8889	1.882	1.726	1.8115	1.8528	1.8338	1.6972	1.7658	1.5378	1.8514	1.6891	1.7913	1.815	1.8752	1.9086	1.8882	1.8184	1.8561	1.844	1.9304	1.8898	1.8561	1.9495	1.8854	1.8819	1.7266	1.7967	1.8411	1.8271	1.7068	1.768	1.5251	1.843	1.7026	1.77	1.1618
57	0.63143	1.9298	1.9864	1.9548	1.9075	1.926	1.8964	1.9911	1.9538	1.9307	1.9971	1.9304	1.9316	1.8059	1.8597	1.8957	1.861	1.6776	1.8521	1.4949	1.8655	1.7605	1.8122	1.8928	1.9345	1.9807	1.9473	1.9074	1.9255	1.9018	1.9841	1.9538	1.9306	1.9938	1.9248	1.9293	1.8033	1.8547	1.874	1.8473	1.6815	1.8602	1.4903	1.8536	1.7757	1.7868	1.2589
58	0.64271	1.9895	2.0585	2.0184	1.9952	1.9833	1.947	2.0416	2.026	2.0118	2.0362	1.9591	1.9747	1.8792	1.9088	1.9343	1.8735	1.6534	1.9326	1.4517	1.8839	1.8431	1.8263	1.9704	1.9947	2.0514	2.0121	1.9949	1.9931	1.9544	2.0359	2.0296	2.0086	2.0435	1.9605	1.9782	1.8799	1.8959	1.9144	1.868	1.666	1.9329	1.4388	1.8659	1.837	1.7984	1.3587
59	0.65398	2.0457	2.1251	2.0751	2.0783	2.0498	1.9976	2.0901	2.0866	2.0852	2.0875	1.9899	2.0207	1.9468	1.9558	1.9584	1.8941	1.6239	2.0107	1.4028	1.8841	1.8994	1.8221	2.0416	2.0473	2.1205	2.066	2.0799	2.0455	2.0046	2.0859	2.0984	2.0834	2.0876	1.9896	2.0151	1.9499	1.9421	1.9416	1.8956	1.6334	2.0121	1.3955	1.8771	1.8949	1.799	1.4624
60	0.66526	2.0951	2.1876	2.1308	2.1609	2.1024	2.0498	2.1433	2.1533	2.1482	2.1203	2.0172	2.047	2.0242	2.0045	1.9824	1.9087	1.5938	2.0925	1.3586	1.8943	1.9741	1.8328	2.1204	2.0981	2.1827	2.1134	2.1583	2.1078	2.0561	2.1357	2.1522	2.1515	2.1243	2.0223	2.0493	2.0262	1.9839	1.9675	1.8977	1.6137	2.0934	1.3503	1.8797	1.9664	1.8091	1.5656
61	0.67653	2.1437	2.2461	2.1735	2.236	2.1615	2.0951	2.1809	2.2087	2.2142	2.1542	2.042	2.0927	2.0903	2.0441	2.0124	1.9133	1.5646	2.1709	1.3071	1.8873	2.0265	1.8238	2.1858	2.1415	2.2386	2.1603	2.2343	2.1616	2.0979	2.1756	2.2214	2.2188	2.1625	2.0388	2.0841	2.0909	2.027	1.9966	1.9013	1.5788	2.1656	1.3042	1.8743	2.0252	1.7991	1.6697
62	0.68781	2.1857	2.2969	2.2108	2.3095	2.2105	2.1307	2.216	2.2749	2.2829	2.1803	2.0592	2.1234	2.1641	2.0864	2.029	1.9147	1.53	2.2413	1.2554	1.8873	2.0838	1.8352	2.2553	2.1818	2.2904	2.2016	2.3008	2.2126	2.1351	2.2096	2.2694	2.2734	2.1874	2.0644	2.1124	2.1583	2.0732	2.0091	1.9106	1.5403	2.2483	1.2501	1.8601	2.0959	1.8025	1.7898
63	0.69908	2.2159	2.3475	2.2473	2.3735	2.2513	2.1703	2.2504	2.3115	2.3311	2.205	2.0777	2.1449	2.2204	2.1101	2.0426	1.9169	1.4835	2.3144	1.2031	1.8716	2.1494	1.8225	2.3057	2.217	2.3341	2.236	2.3782	2.2609	2.1742	2.2429	2.3163	2.3261	2.2069	2.0687	2.1294	2.2184	2.0943	2.0227	1.9052	1.5038	2.3082	1.2065	1.8535	2.1411	1.7899	1.9102
64	0.71036	2.2484	2.3914	2.2829	2.4372	2.2915	2.1979	2.2702	2.3596	2.3835	2.2159	2.0782	2.154	2.2859	2.1454	2.0527	1.9137	1.4562	2.3793	1.1527	1.8615	2.1985	1.8127	2.3606	2.2481	2.3792	2.2712	2.4372	2.2983	2.2	2.2646	2.363	2.3736	2.2215	2.0777	2.1477	2.2831	2.1266	2.0298	1.9062	1.4622	2.3742	1.1427	1.847	2.1918	1.7857	2.0313
65	0.72163	2.2699	2.4232	2.3034	2.4927	2.3232	2.2225	2.2915	2.3911	2.4304	2.2197	2.0791	2.1656	2.3435	2.169	2.0592	1.8944	1.4013	2.4316	1.1048	1.8336	2.2547	1.8031	2.4094	2.2715	2.4106	2.2913	2.4945	2.3288	2.2231	2.2794	2.3915	2.4249	2.2238	2.0847	2.1597	2.3347	2.1485	2.036	1.8944	1.4243	2.4341	1.0985	1.8096	2.2481	1.7688	2.1595
66	0.73291	2.2856	2.4438	2.3237	2.5376	2.3509	2.2383	2.2964	2.4157	2.4646	2.2187	2.0764	2.1708	2.3992	2.1772	2.0476	1.882	1.3614	2.49	1.05	1.8062	2.2925	1.7858	2.4521	2.285	2.4306	2.3114	2.536	2.3621	2.24	2.2824	2.4219	2.4529	2.23	2.0729	2.1633	2.3882	2.1626	2.0387	1.8788	1.3761	2.4781	1.0441	1.7946	2.2924	1.7511	2.2959
67	0.74419	2.2888	2.459	2.3353	2.575	2.3651	2.2467	2.2927	2.4351	2.4864	2.208	2.0623	2.1724	2.4337	2.1856	2.0409	1.8545	1.3075	2.5339	0.99809	1.7734	2.3392	1.7694	2.4834	2.294	2.447	2.316	2.5804	2.3714	2.2509	2.2883	2.4393	2.4737	2.2203	2.0652	2.1598	2.4442	2.1608	2.0228	1.8471	1.3229	2.53	0.98638	1.7552	2.3238	1.7341	2.4261
68	0.75546	2.2826	2.465	2.3287	2.6038	2.3766	2.2521	2.2851	2.4414	2.5061	2.1975	2.0469	2.1628	2.4822	2.1904	2.0317	1.8246	1.2524	2.5661	0.93946	1.7334	2.3776	1.7373	2.506	2.2911	2.4469	2.3183	2.6002	2.381	2.2533	2.2713	2.4478	2.4911	2.1977	2.0425	2.1488	2.4751	2.1684	2.0091	1.8268	1.2766	2.5564	0.92688	1.7161	2.3605	1.6989	2.5636
69	0.76674	2.2751	2.458	2.3244	2.6125	2.3699	2.2415	2.2563	2.438	2.5099	2.166	2.0195	2.1475	2.4993	2.1846	2.0097	1.7881	1.2044	2.5884	0.88942	1.687	2.3885	1.717	2.521	2.2743	2.4439	2.3062	2.6118	2.3793	2.2495	2.2488	2.4429	2.4922	2.1751	2.0098	2.1297	2.5003	2.1575	1.9891	1.7875	1.2171	2.577	0.88146	1.6692	2.3814	1.6838	2.689
70	0.77801	2.2449	2.4368	2.3008	2.6234	2.3586	2.2242	2.2284	2.4201	2.5068	2.1322	1.9764	2.1214	2.5274	2.1692	1.9763	1.7441	1.1405	2.5969	0.82925	1.6332	2.4057	1.6776	2.5211	2.2528	2.4293	2.2919	2.6228	2.3693	2.2239	2.2229	2.4345	2.4907	2.1359	1.9738	2.103	2.5248	2.1463	1.9579	1.7413	1.1592	2.5892	0.8166	1.6194	2.3833	1.6514	2.8154
71	0.78929	2.2138	2.4031	2.271	2.605	2.3372	2.1923	2.1843	2.3943	2.4825	2.0822	1.9337	2.0828	2.5318	2.1486	1.9371	1.696	1.0821	2.5866	0.77638	1.577	2.4112	1.6545	2.5019	2.2179	2.3952	2.2656	2.6061	2.3449	2.2005	2.1796	2.4045	2.4708	2.0852	1.9278	2.0623	2.5406	2.1271	1.926	1.6832	1.1027	2.588	0.77171	1.5661	2.3912	1.6088	2.9353
72	0.80056	2.1677	2.3585	2.2324	2.5842	2.2994	2.16	2.1331	2.3594	2.4555	2.0275	1.8741	2.0369	2.5271	2.1118	1.8992	1.6322	1.026	2.5827	0.72377	1.5152	2.4154	1.6009	2.489	2.1688	2.351	2.2186	2.5811	2.3101	2.1617	2.1209	2.364	2.4452	2.0261	1.8734	2.015	2.5339	2.0945	1.8868	1.6285	1.0344	2.5701	0.71972	1.5071	2.3881	1.5703	3.037
73	0.81184	2.1104	2.302	2.1818	2.5463	2.2529	2.111	2.0692	2.2987	2.4184	1.958	1.8144	1.9746	2.5199	2.0675	1.8471	1.5681	0.95741	2.5546	0.66855	1.4415	2.3901	1.5559	2.437	2.1055	2.2907	2.162	2.5491	2.2574	2.1145	2.0626	2.3135	2.4043	1.96	1.809	1.9643	2.521	2.0432	1.8266	1.5678	0.97226	2.5451	0.66692	1.4308	2.3683	1.5274	3.1393
74	0.82311	2.04	2.23	2.1116	2.4837	2.1903	2.0441	1.9884	2.2367	2.3606	1.879	1.7402	1.912	2.4954	2.0163	1.7843	1.4939	0.89574	2.5029	0.61799	1.3665	2.3514	1.5083	2.3828	2.0421	2.2174	2.1031	2.4862	2.1982	2.05	1.9844	2.2458	2.3573	1.8788	1.74	1.9051	2.4966	1.9954	1.7753	1.4967	0.90644	2.4987	0.61287	1.3544	2.333	1.474	3.218
75	0.83439	1.9542	2.142	2.0332	2.419	2.1086	1.9785	1.8979	2.1559	2.2925	1.7873	1.661	1.8324	2.454	1.9447	1.7153	1.4208	0.82015	2.442	0.56188	1.2858	2.3057	1.4482	2.3196	1.9552	2.1349	2.0286	2.4156	2.1179	1.9703	1.8926	2.1635	2.2798	1.7948	1.6528	1.8176	2.4582	1.9295	1.706	1.4079	0.8363	2.4376	0.55945	1.2711	2.2807	1.4221	3.2855
76	0.84567	1.8578	2.0411	1.9468	2.3218	2.019	1.8899	1.7974	2.0587	2.2106	1.6912	1.5611	1.7481	2.3945	1.8617	1.6423	1.3274	0.75517	2.3648	0.51267	1.1978	2.2524	1.3779	2.2303	1.8627	2.0338	1.9377	2.3172	2.0276	1.8909	1.7872	2.0612	2.1957	1.6992	1.5591	1.736	2.3972	1.8496	1.6272	1.3248	0.76665	2.3674	0.51209	1.1931	2.2229	1.3542	3.3344
77	0.85694	1.7562	1.9283	1.8422	2.2137	1.9116	1.792	1.6769	1.9451	2.1147	1.5802	1.4662	1.6474	2.3239	1.7764	1.5575	1.2332	0.68619	2.2701	0.45917	1.1122	2.1569	1.3164	2.1379	1.7509	1.9141	1.8378	2.216	1.9226	1.7901	1.6761	1.9479	2.1042	1.5859	1.4663	1.6368	2.3269	1.7531	1.549	1.2298	0.69719	2.2584	0.46046	1.1008	2.1495	1.2931	3.3587
78	0.86822	1.6389	1.7966	1.7287	2.0829	1.7888	1.6786	1.5591	1.8204	2.0021	1.4583	1.354	1.5305	2.232	1.6712	1.4652	1.1339	0.62173	2.149	0.41325	1.0114	2.0668	1.2445	2.0158	1.6379	1.7829	1.7257	2.0845	1.7917	1.683	1.5504	1.8249	1.9923	1.468	1.3504	1.5246	2.234	1.6559	1.4502	1.128	0.63015	2.1381	0.41078	1.0024	2.0436	1.2137	3.3635
79	0.87949	1.5082	1.649	1.5991	1.9335	1.6478	1.5538	1.4204	1.6731	1.8715	1.3294	1.2363	1.4101	2.1255	1.5585	1.3684	1.0232	0.54536	2.0085	0.36642	0.91133	1.9523	1.1646	1.8798	1.5065	1.6387	1.5939	1.9389	1.6529	1.5498	1.4172	1.6754	1.8583	1.3382	1.2329	1.4022	2.1209	1.5457	1.3537	1.0158	0.55568	2.0031	0.36341	0.90141	1.9272	1.1433	3.3322
80	0.89077	1.3676	1.4897	1.4569	1.7653	1.4958	1.4164	1.2744	1.5195	1.7204	1.197	1.1114	1.2822	1.9919	1.4257	1.258	0.91073	0.48405	1.8512	0.32114	0.81544	1.8152	1.0766	1.7161	1.3688	1.4824	1.4549	1.767	1.5045	1.4129	1.2737	1.5225	1.7127	1.1946	1.1068	1.267	1.991	1.4167	1.2485	0.91186	0.49266	1.8446	0.32213	0.80482	1.7959	1.0498	3.2694
81	0.90204	1.2187	1.3212	1.307	1.5818	1.3364	1.2602	1.1202	1.3446	1.5567	1.0487	0.98087	1.1378	1.8303	1.2826	1.1392	0.80393	0.41839	1.6764	0.27444	0.70662	1.6558	0.98297	1.5399	1.2213	1.3099	1.3017	1.583	1.3371	1.2583	1.1184	1.3526	1.5511	1.049	0.97482	1.1263	1.8296	1.2804	1.1318	0.80098	0.42381	1.6644	0.27455	0.70432	1.6384	0.95695	3.1346
82	0.91332	1.0633	1.1437	1.1398	1.3847	1.1558	1.0977	0.96402	1.1676	1.3833	0.90548	0.84175	0.98263	1.6499	1.1333	1.0102	0.68589	0.3534	1.4719	0.23446	0.60506	1.4677	0.87416	1.3433	1.0698	1.1372	1.1343	1.384	1.1611	1.0992	0.96115	1.1706	1.3754	0.9049	0.83922	0.98236	1.6482	1.1286	1.0014	0.68565	0.36395	1.4665	0.23709	0.60022	1.4614	0.85838	2.9534
83	0.92459	0.90899	0.96516	0.96993	1.174	0.97768	0.93244	0.80795	0.98381	1.1912	0.75787	0.70578	0.83174	1.4397	0.97315	0.8707	0.57097	0.29394	1.2566	0.19703	0.50432	1.283	0.76745	1.1513	0.90856	0.95523	0.9682	1.1749	0.98264	0.93196	0.80424	0.98928	1.1842	0.76032	0.70287	0.8241	1.4434	0.96812	0.86466	0.57198	0.29818	1.2624	0.19635	0.50021	1.2692	0.74672	2.6923
84	0.93587	0.74772	0.78307	0.79762	0.96594	0.801	0.763	0.65547	0.8035	0.9886	0.61595	0.57344	0.67774	1.2131	0.8062	0.73078	0.46179	0.23803	1.0451	0.16155	0.41395	1.0743	0.64154	0.94225	0.74655	0.77677	0.7941	0.96476	0.80141	0.76548	0.65322	0.80549	0.98435	0.61925	0.57218	0.67119	1.2097	0.80328	0.72412	0.4635	0.24431	1.0404	0.15964	0.40554	1.0613	0.63013	2.3509
85	0.94715	0.59038	0.61231	0.63027	0.75889	0.62901	0.5999	0.51542	0.62731	0.78961	0.48646	0.45045	0.53352	0.96955	0.63995	0.58322	0.36256	0.19141	0.82589	0.1314	0.32133	0.85301	0.5259	0.74365	0.5949	0.60609	0.62755	0.75866	0.632	0.60031	0.51012	0.62877	0.78267	0.4844	0.44483	0.53017	0.9764	0.63756	0.58228	0.36336	0.1931	0.8187	0.12998	0.31903	0.8492	0.50582	1.9527
86	0.95842	0.44397	0.4559	0.47496	0.56517	0.47142	0.4458	0.3863	0.4684	0.59068	0.36345	0.33716	0.39767	0.73757	0.48249	0.44604	0.27064	0.14435	0.61956	0.10091	0.24633	0.64648	0.40014	0.55371	0.44657	0.45248	0.4703	0.56676	0.47032	0.4491	0.38047	0.46918	0.5848	0.36436	0.33621	0.39472	0.73359	0.47964	0.44222	0.27177	0.14942	0.61738	0.10269	0.24244	0.63682	0.38956	1.5007
87	0.9697	0.3138	0.32188	0.33457	0.39649	0.32748	0.31468	0.27246	0.33052	0.41508	0.25949	0.23728	0.28081	0.51018	0.34024	0.31534	0.19421	0.1064	0.42969	0.078132	0.17844	0.45165	0.28598	0.38562	0.31622	0.31929	0.33301	0.39541	0.3319	0.31621	0.27128	0.33024	0.41128	0.25901	0.23639	0.27712	0.51194	0.33631	0.31866	0.19517	0.11015	0.43272	0.077952	0.1741	0.4508	0.27777	1.0483
88	0.98097	0.20281	0.20721	0.21563	0.25274	0.21358	0.20222	0.17958	0.21374	0.26263	0.17122	0.15597	0.18094	0.32141	0.21712	0.20285	0.12715	0.072859	0.27821	0.05662	0.12025	0.2898	0.18195	0.24643	0.20317	0.20661	0.21393	0.25469	0.2128	0.20139	0.17842	0.21345	0.25896	0.17139	0.15502	0.18025	0.31951	0.21325	0.2037	0.12931	0.077195	0.27621	0.058764	0.11947	0.28223	0.17702	0.63181
89	0.99225	0.071572	0.07522	0.076811	0.089156	0.076379	0.071391	0.065865	0.07674	0.089243	0.06343	0.057968	0.064568	0.10732	0.076292	0.07201	0.04876	0.029684	0.096022	0.023476	0.045591	0.097465	0.064691	0.08638	0.072239	0.074509	0.075976	0.09014	0.076424	0.07247	0.065407	0.077226	0.090285	0.063319	0.057003	0.063386	0.10787	0.07491	0.070857	0.047299	0.030761	0.096029	0.024448	0.043973	0.097062	0.062685	0.19811
90	1.0035	0	0	0	0	0	0	0	0	0	0	0	0	0	0	0	0	0	0	0	0	0	0	0	0	0	0	0	0	0	0	0	0	0	0	0	0	0	0	0	0	0	0	0	0	0	0
91	1.0148	0	0	0	0	0	0	0	0	0	0	0	0	0	0	0	0	0	0	0	0	0	0	0	0	0	0	0	0	0	0	0	0	0	0	0	0	0	0	0	0	0	0	0	0	0	0
92	1.0261	0	0	0	0	0	0	0	0	0	0	0	0	0	0	0	0	0	0	0	0	0	0	0	0	0	0	0	0	0	0	0	0	0	0	0	0	0	0	0	0	0	0	0	0	0	0
93	1.0374	0	0	0	0	0	0	0	0	0	0	0	0	0	0	0	0	0	0	0	0	0	0	0	0	0	0	0	0	0	0	0	0	0	0	0	0	0	0	0	0	0	0	0	0	0	0
94	1.0486	0	0	0	0	0	0	0	0	0	0	0	0	0	0	0	0	0	0	0	0	0	0	0	0	0	0	0	0	0	0	0	0	0	0	0	0	0	0	0	0	0	0	0	0	0	0
95	1.0599	0	0	0	0	0	0	0	0	0	0	0	0	0	0	0	0	0	0	0	0	0	0	0	0	0	0	0	0	0	0	0	0	0	0	0	0	0	0	0	0	0	0	0	0	0	0
96	1.0712	0	0	0	0	0	0	0	0	0	0	0	0	0	0	0	0	0	0	0	0	0	0	0	0	0	0	0	0	0	0	0	0	0	0	0	0	0	0	0	0	0	0	0	0	0	0
97	1.0825	0	0	0	0	0	0	0	0	0	0	0	0	0	0	0	0	0	0	0	0	0	0	0	0	0	0	0	0	0	0	0	0	0	0	0	0	0	0	0	0	0	0	0	0	0	0
98	1.0937	0	0	0	0	0	0	0	0	0	0	0	0	0	0	0	0	0	0	0	0	0	0	0	0	0	0	0	0	0	0	0	0	0	0	0	0	0	0	0	0	0	0	0	0	0	0
99	1.105	0	0	0	0	0	0	0	0	0	0	0	0	0	0	0	0	0	0	0	0	0	0	0	0	0	0	0	0	0	0	0	0	0	0	0	0	0	0	0	0	0	0	0	0	0	0
100	1.1163	0	0	0	0	0	0	0	0	0	0	0	0	0	0	0	0	0	0	0	0	0	0	0	0	0	0	0	0	0	0	0	0	0	0	0	0	0	0	0	0	0	0	0	0	0	0
