1	0	0	0	0	0	0	0	0	0	0	0	0	0	0	0	0	0	0	0	0	0	0	0	0	0	0	0	0	0	0	0	0	0	0	0	0	0	0	0	0	0	0	0	0	0	0	0
2	0.0056094	0	0	0	0	0	0	0	0	0	0	0	0	0	0	0.00017827	0.00017827	0.00026741	0	0.00026741	0	0	0.00017827	0	0	8.9135e-05	0	0	0	0	0	0	0	0	8.9135e-05	0	0	0	0	0.00035654	0.00026741	0	0.00017827	8.9135e-05	0	0	0
3	0.011219	0	0.00035654	8.9135e-05	0	0	0	8.9135e-05	0	0	0	0.00080222	0.00026741	0	0.00017827	0.00026741	0.00053481	0.0020501	0	0.0032089	0.00080222	0	0.00044568	0	0	0.00080222	0	0	0	0	0	0	0	0	8.9135e-05	0.0010696	0	8.9135e-05	0	0.00089135	0.0029415	0	0.0037437	0.0014262	8.9135e-05	0.00017827	0
4	0.016828	0	0.00071308	0.00017827	0	0	0	0.00053481	0	0	0.00026741	0.001337	0.0014262	0	0.00017827	0.00053481	0.0010696	0.0061503	0	0.0076656	0.0029415	0	0.00098049	0	0	0.00089135	0	0	0	0	0	0	0	0	0.00080222	0.0016044	0	0.00026741	0	0.0028523	0.0073091	0	0.010251	0.0030306	8.9135e-05	0.00062395	0
5	0.022438	0	0.0012479	0.00062395	0	0	0	0.00062395	0	0	0.00017827	0.0016044	0.0012479	0	0.0012479	0.00062395	0.0029415	0.016044	0	0.020412	0.0049916	0.00017827	0.0022284	0	0	0.0022284	0	0	0	0	0	0	0	8.9135e-05	0.0011588	0.0022284	0	0.00017827	0.00053481	0.0049024	0.014529	0	0.01756	0.0062395	0.00071308	0.0018718	0
6	0.028047	0	0.0025849	0.0018718	0	0	0	0.0016044	0	0	0.00026741	0.003298	0.0020501	0	0.0017827	0.0024067	0.0066852	0.024691	0	0.036991	0.0080222	0	0.0041894	0	0	0.0026741	8.9135e-05	0	0	0.00062395	0	0	0	0.00044568	0.0025849	0.0025849	0	0.00053481	0.0014262	0.0080222	0.026117	0	0.032267	0.013281	0.00071308	0.0024067	0
7	0.033657	0	0.0043676	0.001337	0	0	0	0.0010696	0	0	0.00026741	0.0051699	0.0040111	0	0.0021392	0.0018718	0.012033	0.03708	0	0.059988	0.011142	0.00044568	0.0041894	0	0	0.004635	0.00089135	0	0	0.00044568	0	0	0	0.00044568	0.0038328	0.0038328	0	8.9135e-05	0.001337	0.012122	0.038774	0	0.056066	0.018897	0.0014262	0.0033871	0
8	0.039266	0	0.0058829	0.003298	0	0	0	0.0010696	0.00053481	0	0.00035654	0.0095375	0.0040111	0	0.0022284	0.0025849	0.016134	0.045637	0	0.078439	0.016312	0.0014262	0.0068634	0	0	0.0058829	0.0012479	0	0.00017827	0.00062395	0	0	0	0.0010696	0.0035654	0.0050807	0	0.00053481	0.0022284	0.017292	0.051609	0	0.076746	0.023621	0.0020501	0.0064178	0
9	0.044876	0	0.0061503	0.0015153	0	8.9135e-05	0	0.0017827	0.0011588	0	0.00071308	0.010607	0.0036546	0	0.0032089	0.0027632	0.022016	0.06293	0	0.099029	0.026473	0.0025849	0.010072	0	0.00026741	0.0099832	0.0016936	0	8.9135e-05	0.0010696	0.00062395	8.9135e-05	0	0.0017827	0.0054373	0.0053481	0	0.001961	0.0030306	0.025582	0.075498	0	0.10099	0.033604	0.003922	0.0082896	0
10	0.050485	0	0.0098049	0.0027632	0	0.0015153	0	0.0021393	0.0010696	0	0.0015153	0.013192	0.0053481	0	0.0040111	0.0037437	0.02781	0.081291	0	0.12818	0.032713	0.0035654	0.016668	0	8.9135e-05	0.012212	0.0017827	0	0.00017827	0.0014262	0.0030306	0.00035654	0	0.0022284	0.0068634	0.0065069	0	0.0031197	0.0028523	0.026651	0.09279	0	0.13433	0.042339	0.0051699	0.012835	0
11	0.056094	0	0.014529	0.0034763	0	0.0015153	0	0.0049916	0.0024958	0	0.0020501	0.014618	0.0079331	0	0.0038328	0.0088244	0.034406	0.097603	0	0.16232	0.043142	0.0045459	0.017471	0	0.00044568	0.013816	0.0022284	0	0.00098049	0.00080222	0.0041894	0.00044568	0	0.0023175	0.0089135	0.0067743	0	0.0057047	0.0049024	0.035654	0.11338	0	0.17025	0.048846	0.0066852	0.014173	0
12	0.061704	0	0.020501	0.0034763	0	0.0012479	0	0.0038328	0.0024067	0	0.0014262	0.013549	0.010251	0	0.0053481	0.0090918	0.043676	0.12212	0	0.19859	0.049024	0.0048133	0.020679	0.00017827	0.00098049	0.016134	0.0021392	0	0.0010696	0.00071308	0.0049024	0.00044568	0	0.0018718	0.011855	0.0057938	0	0.0060612	0.0068634	0.038863	0.12853	0	0.20635	0.061325	0.0090027	0.018629	0
13	0.067313	0	0.018273	0.0028523	0	0.0018718	0	0.0040111	0.0025849	0	0.0016936	0.016401	0.010607	0	0.0054373	0.010696	0.045013	0.1518	0	0.24084	0.060879	0.0060612	0.025314	0.00053481	0.00089135	0.022462	0.0023175	0	0.0016044	0.0010696	0.0063286	8.9135e-05	0	0.0035654	0.015242	0.009894	0	0.0090027	0.0069526	0.048846	0.16196	0	0.23282	0.075765	0.0093592	0.026741	0
14	0.072923	0.00044568	0.019164	0.0035654	0	0.0022284	0.00080222	0.0058829	0.001961	0	0.0031197	0.023532	0.013727	0	0.0096266	0.012212	0.051431	0.18166	0	0.28844	0.067297	0.0071308	0.030573	0.00089135	0.0010696	0.02264	0.0023175	0	0.0015153	0.00080222	0.00722	0.00044568	0	0.0038328	0.022016	0.013192	0	0.0087353	0.0079331	0.059097	0.18995	0	0.2773	0.088244	0.0093592	0.029058	0
15	0.078532	0.00080222	0.026384	0.0035654	0	0.0014262	0.0011588	0.0073091	0.001961	0	0.0037437	0.024869	0.017827	0	0.010964	0.013281	0.064267	0.20572	0	0.33078	0.088422	0.009894	0.036813	0.00062395	0.0010696	0.024334	0.0031197	0	0.00089135	0.00089135	0.0055264	0.00026741	0	0.0040111	0.029236	0.01444	0	0.011855	0.0087353	0.067921	0.20439	0	0.31804	0.11276	0.010964	0.034941	0
16	0.084142	0.0012479	0.026384	0.0034763	0	0.0021392	0.00062395	0.011053	0.0018718	0	0.0042785	0.028078	0.019164	0	0.0096266	0.014707	0.073358	0.24182	0	0.37562	0.096266	0.014707	0.037972	0.00089135	0.00044568	0.025404	0.0047242	0	0.0024067	0.0012479	0.011142	0.00053481	0	0.0041894	0.034317	0.014083	0	0.013727	0.011677	0.072734	0.23407	0	0.36849	0.119	0.01337	0.043052	0
17	0.089751	0.0012479	0.029058	0.0047242	0	0.0022284	0.0017827	0.011677	0.0020501	0.00053481	0.0057938	0.02888	0.024512	0	0.011498	0.017916	0.084679	0.27775	0	0.42188	0.10571	0.015153	0.048133	0.0018718	0.00062395	0.028078	0.0049024	0	0.0049024	0.0018718	0.016134	0.00044568	0	0.0040111	0.038328	0.016757	0	0.015242	0.010696	0.081559	0.26776	0	0.42482	0.13789	0.011588	0.044479	0
18	0.095361	0.0012479	0.036902	0.0057047	0	0.003922	0.001337	0.012479	0.0040111	0	0.0049024	0.032624	0.026562	0	0.011498	0.020234	0.092879	0.30565	0	0.48891	0.11828	0.015955	0.052233	0.0014262	0.00044568	0.027721	0.010161	0	0.0089135	0.0024067	0.018986	0.0011588	0	0.0053481	0.040735	0.017025	0	0.014796	0.014173	0.095197	0.31456	0	0.48588	0.13994	0.012657	0.050183	0
19	0.10097	0.0011588	0.042518	0.0068634	0	0.0055264	0.0010696	0.016134	0.0027632	8.9135e-05	0.0078439	0.035476	0.032178	0.00071308	0.014262	0.018094	0.10197	0.34406	0	0.54845	0.12773	0.017916	0.052144	0.00080222	0.0015153	0.035743	0.012746	0	0.0063286	0.001961	0.019966	0.001961	0	0.0043676	0.043587	0.02059	0	0.015688	0.017292	0.10857	0.34139	0	0.5415	0.16321	0.015331	0.052412	0
20	0.10658	0.0027632	0.047866	0.0097158	0	0.0063286	0.0016044	0.02264	0.001961	0.00098049	0.0066852	0.044568	0.036724	0.00071308	0.015866	0.019788	0.11917	0.37098	0	0.59382	0.14449	0.019521	0.059542	0.0010696	0.001961	0.042518	0.015688	0	0.0083787	0.0031197	0.021927	0.0016936	0.00044568	0.0057938	0.047331	0.024601	0	0.019699	0.023264	0.11534	0.37134	0.00017827	0.57813	0.16954	0.019075	0.06391	0
21	0.11219	0.0048133	0.051877	0.011944	0.00026741	0.0075765	0.0012479	0.016134	0.0030306	0.00071308	0.0092701	0.045459	0.042607	0.00035654	0.021571	0.021927	0.13174	0.41394	0	0.66807	0.16134	0.021838	0.069704	0.0014262	0.0025849	0.047687	0.014351	0	0.012479	0.0035654	0.022195	0.0016936	8.9135e-05	0.0064177	0.051699	0.028256	0	0.018986	0.021927	0.12773	0.43534	0.00035654	0.6391	0.19538	0.023443	0.073448	0
22	0.1178	0.0029415	0.066228	0.011588	0.00089135	0.0066852	0.00080222	0.023799	0.0045459	0.00053481	0.010785	0.056244	0.052055	0.001337	0.020323	0.030128	0.14556	0.45379	0	0.72957	0.16802	0.023353	0.079776	0.0010696	0.0034763	0.054283	0.014975	0	0.010251	0.003922	0.022551	0.0021393	0.00026741	0.0068634	0.058116	0.030484	0	0.020055	0.024691	0.13968	0.4627	0.00053481	0.71282	0.21713	0.024423	0.086372	0
23	0.12341	0.0020501	0.068545	0.016579	0.0011588	0.0059721	0.0012479	0.024601	0.0048133	0.00035654	0.010696	0.06391	0.057938	0.00089135	0.025136	0.033426	0.14681	0.48151	0	0.78002	0.18594	0.026295	0.089581	0.0010696	0.0053481	0.060879	0.017916	0	0.010964	0.0026741	0.027008	0.0029415	0.00017827	0.0063286	0.062573	0.031376	0	0.02264	0.025671	0.15126	0.49577	0.00026741	0.75658	0.23166	0.025671	0.08967	0
24	0.12902	0.0031197	0.070863	0.019432	0.0024067	0.0064177	0.00080222	0.028256	0.0041894	8.9135e-05	0.012746	0.065247	0.061147	0.0016936	0.032356	0.040378	0.15741	0.55407	0	0.84322	0.20047	0.023532	0.095197	0.001337	0.0050807	0.077904	0.024334	0.00026741	0.011855	0.0016044	0.02371	0.0032089	0.00017827	0.010518	0.07737	0.034139	0	0.029058	0.026919	0.15732	0.5398	0.00017827	0.82263	0.25047	0.02888	0.096534	0
25	0.13463	0.0028523	0.079687	0.023621	0.0022284	0.011498	0.0010696	0.028434	0.0024958	0.00053481	0.011855	0.074428	0.06293	0.0028523	0.032713	0.042874	0.17658	0.56378	0	0.92095	0.21491	0.029504	0.10242	0.00089135	0.0062395	0.080044	0.028345	0.00044568	0.012568	0.0026741	0.02995	0.0026741	0.00017827	0.0092701	0.080846	0.035743	0	0.032624	0.031732	0.16998	0.58491	0.00026741	0.87718	0.26455	0.030484	0.1083	0
26	0.14024	0.0023175	0.088511	0.02478	0.0038328	0.011053	0.0029415	0.028612	0.0024958	0.0017827	0.019075	0.077993	0.071665	0.0031197	0.031376	0.044924	0.18522	0.61798	0	0.97692	0.23202	0.034941	0.1116	0.00089135	0.0082896	0.086194	0.029593	0.00017827	0.012657	0.0034763	0.032356	0.0049916	0.00044568	0.010964	0.083876	0.036456	0	0.033871	0.032891	0.18665	0.61744	0.00053481	0.94385	0.29638	0.033426	0.12452	0
27	0.14585	0.0034763	0.098049	0.024423	0.0049024	0.010429	0.0040111	0.030484	0.0027632	0.0018718	0.023977	0.086907	0.076746	0.0024958	0.040557	0.052233	0.21401	0.64579	0	1.0617	0.24637	0.037615	0.12434	0.00044568	0.0081113	0.10144	0.030306	0.00053481	0.01132	0.0041894	0.032178	0.0032089	0.0012479	0.013905	0.091631	0.04332	0	0.040022	0.036724	0.20644	0.699	0.00026741	0.99484	0.32107	0.035208	0.12853	0
28	0.15145	0.0038328	0.1173	0.029593	0.0054373	0.0096266	0.0035654	0.031019	0.0041002	0.0023175	0.024423	0.088422	0.079331	0.0023175	0.047242	0.051788	0.21696	0.70185	0	1.1364	0.26473	0.042518	0.13495	0.0015153	0.0094484	0.10857	0.037883	0.00026741	0.012122	0.0041894	0.032713	0.0041002	0.0024958	0.016847	0.10375	0.049827	0	0.044033	0.042785	0.2223	0.74722	0.00044568	1.0612	0.34032	0.036813	0.14208	0
29	0.15706	0.0087353	0.12746	0.035832	0.0066852	0.012301	0.0053481	0.034941	0.0041894	0.0018718	0.027632	0.096177	0.082183	0.0016936	0.052233	0.058829	0.23202	0.75569	0	1.1727	0.28078	0.048757	0.12577	0.0026741	0.0081113	0.11712	0.040646	0.0011588	0.013459	0.0065069	0.031287	0.0024067	0.0041894	0.020323	0.11989	0.056868	0	0.048222	0.041894	0.25377	0.79188	0.00026741	1.1271	0.34558	0.03815	0.15527	0
30	0.16267	0.0098049	0.13014	0.040735	0.010251	0.016668	0.0060612	0.039041	0.0030306	0.0031197	0.027365	0.10812	0.087442	0.0024958	0.051253	0.062306	0.24985	0.80204	0	1.2248	0.30235	0.053392	0.1493	0.0026741	0.0075765	0.11864	0.04225	0.00080222	0.018451	0.010875	0.038506	0.0041002	0.003298	0.021392	0.13344	0.061058	0	0.054907	0.048935	0.2699	0.81942	0.00026741	1.2031	0.36982	0.042963	0.17381	0
31	0.16828	0.010429	0.14422	0.05874	0.01034	0.024869	0.0057938	0.047687	0.0023175	0.0031197	0.036546	0.12301	0.096177	0.0030306	0.056155	0.066049	0.27008	0.85534	0	1.3157	0.32124	0.060612	0.15367	0.0049024	0.0093592	0.12862	0.04947	0.0022284	0.023977	0.012033	0.040824	0.0055264	0.0057047	0.023175	0.14449	0.061236	0	0.056601	0.05366	0.28087	0.88182	0.00035654	1.2669	0.38114	0.044835	0.18121	0
32	0.17389	0.013638	0.15795	0.063286	0.009894	0.024245	0.0081113	0.044211	0.0037437	0.0036546	0.038863	0.11819	0.10384	0.0026741	0.06079	0.06703	0.28488	0.92032	0	1.3533	0.3446	0.061949	0.17016	0.0068634	0.01132	0.1354	0.061325	0.0037437	0.028167	0.012746	0.044835	0.0057938	0.0060612	0.028434	0.16544	0.064712	0	0.059721	0.055264	0.29433	0.92451	0.00080222	1.3434	0.41198	0.051164	0.19521	0
33	0.1795	0.016579	0.17408	0.070684	0.011677	0.027632	0.0089135	0.040824	0.0050807	0.0031197	0.043142	0.12586	0.11668	0.0025849	0.071754	0.066138	0.30261	0.97773	0	1.405	0.35645	0.058919	0.17506	0.0077548	0.011677	0.13994	0.063197	0.0062395	0.034228	0.017203	0.048044	0.0059721	0.0047242	0.038417	0.18291	0.073804	0	0.068099	0.061771	0.31563	0.99154	0.00044568	1.4176	0.4356	0.051788	0.21321	0
34	0.18511	0.018362	0.17578	0.069971	0.014618	0.026741	0.014173	0.049827	0.0093592	0.0057938	0.044389	0.12488	0.13513	0.0016936	0.077459	0.071219	0.32329	1.0049	0	1.5133	0.36866	0.070595	0.18513	0.0083787	0.014529	0.14378	0.077637	0.0048133	0.033961	0.018808	0.05366	0.0077548	0.0048133	0.042785	0.18567	0.081202	0	0.066941	0.073893	0.352	1.0194	0.00089135	1.4764	0.45103	0.057492	0.21589	0
35	0.19072	0.020769	0.1994	0.07523	0.017738	0.027543	0.017025	0.056244	0.010429	0.0063286	0.047866	0.13629	0.15108	0.0021392	0.080846	0.071754	0.33996	1.0669	0.00062395	1.5666	0.38391	0.065069	0.20965	0.0082896	0.021125	0.15207	0.088244	0.0047242	0.035743	0.016044	0.060612	0.0081113	0.0053481	0.0443	0.19975	0.09074	0	0.069258	0.086194	0.3741	1.0829	0.0014262	1.5635	0.44487	0.065425	0.23015	0
36	0.19633	0.027899	0.2125	0.078439	0.020323	0.033515	0.020055	0.061414	0.016936	0.0057938	0.054373	0.15001	0.16918	0.0023175	0.092968	0.082718	0.36118	1.1077	0.0010696	1.6179	0.41136	0.074606	0.20956	0.0075765	0.025582	0.1567	0.090651	0.0028523	0.044746	0.01961	0.062484	0.0082005	0.0073982	0.055086	0.21704	0.10215	0	0.089403	0.093414	0.39745	1.152	0.00053481	1.6177	0.47687	0.064801	0.23746	0
37	0.20194	0.026206	0.23086	0.087709	0.018718	0.032356	0.025047	0.068634	0.015955	0.0084679	0.056958	0.15884	0.17676	0.0015153	0.10242	0.080578	0.39032	1.1647	0.00071308	1.6793	0.42616	0.085481	0.21758	0.0082005	0.028256	0.17337	0.091007	0.0032089	0.048579	0.023799	0.065158	0.0093592	0.00722	0.058384	0.23157	0.12042	0	0.09172	0.089135	0.40699	1.2076	0.001337	1.6733	0.49657	0.072645	0.25921	0
38	0.20755	0.033871	0.24815	0.10295	0.019253	0.036724	0.031287	0.077102	0.014707	0.0081113	0.066673	0.17595	0.19262	0.0012479	0.1091	0.086016	0.40494	1.1987	0.00026741	1.7428	0.45379	0.087888	0.22587	0.0075765	0.030752	0.17221	0.11293	0.0027632	0.046172	0.027632	0.073091	0.010875	0.0091809	0.063108	0.2486	0.13228	0	0.089759	0.1042	0.44594	1.252	0.0015153	1.7355	0.53249	0.080846	0.25823	0
39	0.21316	0.033069	0.27053	0.10875	0.024067	0.039309	0.033337	0.0804	0.018362	0.0065069	0.067921	0.19128	0.19877	0.0016044	0.11998	0.1083	0.4283	1.2622	0.00071308	1.8226	0.46894	0.088511	0.2273	0.0091809	0.036902	0.17471	0.12434	0.0060612	0.048846	0.030663	0.072289	0.012033	0.0098049	0.074695	0.25564	0.14618	0	0.10821	0.10429	0.46903	1.2541	0.0018718	1.7835	0.54997	0.081292	0.26972	0
40	0.21877	0.036367	0.29798	0.11712	0.025582	0.041091	0.040557	0.091899	0.018808	0.0076656	0.071843	0.21179	0.21223	0.0028523	0.12604	0.11766	0.43926	1.2947	0.0017827	1.8877	0.49354	0.08967	0.24922	0.0089135	0.041983	0.19164	0.14039	0.0049024	0.064623	0.031108	0.076389	0.013816	0.0097158	0.078528	0.27267	0.16437	0	0.11525	0.10518	0.48222	1.3397	0.0018718	1.8477	0.57261	0.089225	0.27766	0
41	0.22438	0.038685	0.33506	0.11784	0.02576	0.042518	0.050005	0.10072	0.019253	0.01034	0.079776	0.21562	0.22328	0.0024958	0.13789	0.12105	0.47732	1.3456	0.0017827	1.9537	0.52501	0.096177	0.25582	0.01239	0.050807	0.20599	0.15073	0.0060612	0.066228	0.040557	0.084055	0.014262	0.012925	0.086105	0.29531	0.17114	0	0.11516	0.11802	0.50932	1.3845	0.0018718	1.8803	0.58633	0.08967	0.29789	0
42	0.22999	0.046618	0.33996	0.12301	0.030663	0.047242	0.062573	0.10812	0.02478	0.012479	0.086996	0.23906	0.23309	0.0024067	0.14556	0.13352	0.50326	1.4161	0.001337	1.9861	0.5505	0.098049	0.27365	0.014173	0.055442	0.24405	0.14796	0.0069526	0.067476	0.044122	0.099297	0.017649	0.016757	0.087709	0.29629	0.17854	0	0.12764	0.12969	0.52367	1.4265	0.001961	1.9444	0.62947	0.088511	0.31126	0
43	0.2356	0.049381	0.3749	0.14832	0.032089	0.047777	0.062306	0.12425	0.023532	0.010875	0.097158	0.26767	0.24049	0.0023175	0.15928	0.14681	0.53508	1.46	0.0015153	2.0409	0.56164	0.098316	0.28416	0.014618	0.063375	0.25421	0.15982	0.0084679	0.078617	0.04742	0.10251	0.017916	0.015866	0.10117	0.32151	0.20278	0	0.13504	0.13656	0.53544	1.4851	0.0016044	2.0093	0.63215	0.10464	0.31607	0
44	0.24121	0.056423	0.39211	0.15937	0.035387	0.062306	0.072111	0.12595	0.025225	0.01649	0.09796	0.28488	0.25413	0.0024958	0.16178	0.14244	0.56066	1.5399	0.0011588	2.0724	0.58535	0.10741	0.30056	0.018629	0.070684	0.25796	0.17934	0.0090027	0.082094	0.050807	0.10937	0.022462	0.014796	0.10875	0.3503	0.21205	0	0.13379	0.14663	0.56218	1.5415	0.0025849	2.0586	0.64284	0.11507	0.33328	0
45	0.24682	0.065247	0.40806	0.16517	0.036456	0.073358	0.081113	0.14476	0.028434	0.017025	0.11088	0.31349	0.27846	0.0041894	0.17649	0.1469	0.57983	1.592	0.00080222	2.1385	0.61557	0.11302	0.3183	0.024512	0.080311	0.29138	0.20465	0.0088244	0.086461	0.054283	0.12096	0.033604	0.016312	0.11285	0.37348	0.23416	0	0.14743	0.16	0.57929	1.6112	0.0025849	2.1229	0.68287	0.11383	0.34905	0
46	0.25242	0.073358	0.43917	0.18139	0.031821	0.084679	0.087531	0.15545	0.031554	0.015955	0.13067	0.32597	0.30957	0.0047242	0.1862	0.14957	0.61922	1.6198	0.0016936	2.1637	0.63259	0.11195	0.32837	0.027275	0.084768	0.32392	0.22025	0.010607	0.092166	0.056958	0.13094	0.038061	0.016312	0.12532	0.39202	0.2502	8.9135e-05	0.14351	0.17435	0.59944	1.6371	0.0031197	2.2123	0.70158	0.12506	0.37321	0
47	0.25803	0.080311	0.47402	0.18201	0.037259	0.10286	0.095731	0.16419	0.031554	0.016223	0.13352	0.35752	0.30475	0.0058829	0.20412	0.15518	0.64106	1.6622	0.0022284	2.2367	0.66424	0.12524	0.33854	0.029504	0.083342	0.35681	0.23603	0.015955	0.097871	0.063375	0.14814	0.045459	0.021125	0.12461	0.41929	0.27427	0.00044568	0.1616	0.17756	0.62956	1.6976	0.0044568	2.2375	0.72449	0.12301	0.38355	0
48	0.26364	0.092968	0.49604	0.2125	0.042161	0.10135	0.10509	0.17774	0.031287	0.018184	0.14707	0.379	0.33613	0.0073091	0.2207	0.17488	0.66771	1.729	0.0034763	2.2995	0.6752	0.11926	0.35547	0.033069	0.10099	0.39523	0.25653	0.017114	0.10126	0.07113	0.15251	0.044479	0.023799	0.14788	0.44309	0.30743	0.00035654	0.16535	0.19235	0.64882	1.7616	0.0035654	2.3197	0.7564	0.13041	0.39273	0
49	0.26925	0.09689	0.5341	0.24084	0.04742	0.10973	0.12033	0.19467	0.037883	0.020858	0.16597	0.4028	0.36412	0.0058829	0.24111	0.17836	0.70043	1.7834	0.0023175	2.3124	0.71308	0.11757	0.37178	0.035922	0.11472	0.41573	0.26937	0.018718	0.11115	0.080935	0.16757	0.05357	0.027543	0.14877	0.4742	0.32338	0.00017827	0.17479	0.20323	0.676	1.8375	0.0042785	2.3656	0.79161	0.13968	0.41796	0
50	0.27486	0.10001	0.60461	0.27338	0.055888	0.10928	0.13424	0.20742	0.049648	0.023086	0.17907	0.45343	0.40467	0.0057047	0.26491	0.19886	0.71763	1.8216	0.0034763	2.347	0.7425	0.12417	0.40414	0.040557	0.12122	0.45655	0.28149	0.022819	0.11222	0.094573	0.19868	0.05054	0.028167	0.16053	0.50772	0.34888	0.00017827	0.19414	0.22507	0.71665	1.8845	0.0045459	2.3954	0.81817	0.14476	0.44791	0
51	0.28047	0.1198	0.64596	0.29165	0.058205	0.13557	0.14868	0.22498	0.056423	0.027989	0.1854	0.5119	0.43855	0.0075765	0.28612	0.21615	0.74125	1.8912	0.0033871	2.3547	0.75908	0.13459	0.4151	0.049203	0.14164	0.49871	0.3126	0.02576	0.13468	0.11044	0.22337	0.058384	0.03298	0.17176	0.54756	0.35948	0.00026741	0.19975	0.23942	0.74562	1.9227	0.0053481	2.4129	0.84286	0.15153	0.44782	0
52	0.28608	0.13468	0.68019	0.31367	0.070239	0.15474	0.16517	0.24753	0.060969	0.029326	0.20064	0.53517	0.45611	0.0077548	0.29067	0.23558	0.77548	1.9308	0.0055264	2.3829	0.78903	0.13433	0.43088	0.057136	0.1633	0.55246	0.34326	0.033961	0.15412	0.11507	0.24985	0.062127	0.03405	0.18701	0.5833	0.39621	0.0011588	0.22721	0.25181	0.75819	1.9527	0.0058829	2.4723	0.85873	0.15581	0.46172	0
53	0.29169	0.14698	0.73465	0.35788	0.074695	0.15777	0.19342	0.27775	0.074963	0.032089	0.22248	0.5677	0.4955	0.0084679	0.32205	0.26019	0.78858	1.9972	0.0040111	2.4392	0.80471	0.1444	0.42562	0.064356	0.17497	0.60666	0.37018	0.045459	0.15786	0.13611	0.26955	0.071665	0.034674	0.20608	0.61147	0.43436	0.001961	0.25395	0.25662	0.81158	2.0054	0.0079331	2.5003	0.87183	0.16339	0.4676	0
54	0.2973	0.16508	0.79616	0.40209	0.077102	0.16909	0.21508	0.28292	0.080668	0.034317	0.24191	0.60568	0.53187	0.010518	0.34469	0.28087	0.81309	2.0397	0.0035654	2.4289	0.82236	0.14761	0.46457	0.065515	0.19645	0.66165	0.41778	0.048935	0.18166	0.16107	0.27899	0.089225	0.038596	0.2314	0.6613	0.47616	0.0024067	0.27088	0.27997	0.81363	2.0738	0.0079331	2.5045	0.88725	0.16989	0.47456	0.0011588
55	0.30291	0.18317	0.84286	0.41742	0.080578	0.1657	0.23888	0.30449	0.091096	0.036635	0.26972	0.64427	0.57965	0.011677	0.36314	0.30288	0.82718	2.119	0.0050807	2.4578	0.86978	0.15215	0.46243	0.071843	0.21179	0.69535	0.45602	0.051342	0.19128	0.18727	0.30502	0.097871	0.040735	0.23844	0.70845	0.51306	0.0021392	0.2847	0.29031	0.86372	2.1181	0.0089135	2.5377	0.91587	0.16838	0.49131	0.0025849
56	0.30852	0.19922	0.90419	0.44487	0.077013	0.17996	0.25644	0.32962	0.093681	0.041537	0.28951	0.68367	0.60666	0.010518	0.38471	0.32026	0.87326	2.1681	0.0055264	2.4618	0.90544	0.15412	0.49328	0.082539	0.23478	0.75079	0.49203	0.059364	0.20804	0.20608	0.32873	0.10153	0.041894	0.27427	0.75908	0.52581	0.0028523	0.30466	0.31607	0.88324	2.1689	0.0084679	2.5516	0.96141	0.17346	0.51467	0.0049916
57	0.31413	0.20733	0.96373	0.46359	0.088779	0.19271	0.2814	0.35476	0.097336	0.041894	0.31768	0.7384	0.63429	0.012746	0.41207	0.33488	0.90963	2.1929	0.0054373	2.4893	0.92202	0.15242	0.5062	0.087531	0.24022	0.7786	0.52545	0.060879	0.21107	0.23309	0.36225	0.11008	0.049114	0.29254	0.79687	0.57965	0.0035654	0.34139	0.33684	0.93869	2.2099	0.010696	2.5684	0.97568	0.18816	0.54016	0.0026741
58	0.31974	0.23496	0.97514	0.5292	0.10759	0.20136	0.31848	0.3807	0.10625	0.0443	0.33248	0.76193	0.67663	0.013905	0.45521	0.36269	0.94154	2.2712	0.0073091	2.5191	0.92353	0.1682	0.52875	0.095286	0.27356	0.85793	0.55059	0.06284	0.22935	0.2519	0.39398	0.12292	0.050807	0.30458	0.84786	0.63652	0.0031197	0.36652	0.34968	0.9755	2.2484	0.010785	2.588	0.9829	0.18656	0.57073	0.003922
59	0.32535	0.25742	1.0286	0.59596	0.11427	0.22346	0.34638	0.43106	0.12024	0.052055	0.3577	0.81826	0.73884	0.014975	0.47777	0.38391	0.97915	2.2859	0.010964	2.5431	0.95954	0.17934	0.54613	0.10652	0.29245	0.90312	0.58303	0.064356	0.24717	0.28559	0.42455	0.13246	0.062573	0.34914	0.86497	0.68795	0.0041894	0.39389	0.3569	0.99529	2.2894	0.010518	2.6065	1.006	0.19182	0.56619	0.0041002
60	0.33096	0.28711	1.067	0.64614	0.12809	0.23148	0.37071	0.44389	0.13192	0.060701	0.3913	0.90401	0.77726	0.017025	0.50575	0.40949	1.023	2.3713	0.013638	2.5644	0.98343	0.19512	0.55576	0.12078	0.31554	0.98548	0.62377	0.070863	0.26732	0.3159	0.44719	0.14556	0.070417	0.36572	0.89608	0.74072	0.0080222	0.42812	0.38052	1.0444	2.332	0.012746	2.6266	1.0538	0.20055	0.5956	0.0047242
61	0.33657	0.31376	1.1223	0.70417	0.13673	0.23844	0.42366	0.47598	0.1501	0.060969	0.42188	0.93958	0.83377	0.021036	0.53526	0.42268	1.0791	2.3815	0.014796	2.5779	1.0041	0.19396	0.5628	0.12987	0.35378	1.0396	0.68982	0.082094	0.29129	0.3503	0.46832	0.16071	0.07737	0.40361	0.95357	0.77708	0.0073982	0.48151	0.42482	1.0772	2.3481	0.015955	2.6337	1.076	0.21268	0.61512	0.0040111
62	0.34218	0.3552	1.1989	0.74589	0.14413	0.28809	0.46136	0.51066	0.16454	0.070239	0.45111	1.002	0.86256	0.027008	0.57189	0.45218	1.1278	2.4091	0.017381	2.6151	1.0228	0.19253	0.59293	0.14315	0.38845	1.1529	0.73162	0.089581	0.31946	0.37642	0.52857	0.17257	0.081292	0.4291	1.0099	0.82201	0.0090918	0.49755	0.45682	1.1375	2.3764	0.019253	2.6028	1.1024	0.2133	0.6284	0.0036546
63	0.34779	0.36474	1.2733	0.80757	0.14823	0.3036	0.4955	0.53918	0.17765	0.072378	0.47215	1.0382	0.94172	0.024869	0.59952	0.46529	1.1594	2.4406	0.023264	2.5872	1.0668	0.19966	0.62751	0.15706	0.4135	1.1791	0.76755	0.10438	0.35529	0.41689	0.54373	0.2002	0.092255	0.4685	1.0959	0.87246	0.013549	0.55086	0.46823	1.1633	2.4387	0.020323	2.6077	1.1268	0.22828	0.65087	0.0050807
64	0.35339	0.40049	1.3349	0.88253	0.16856	0.31928	0.54248	0.58054	0.19654	0.081024	0.50032	1.136	1.0054	0.024869	0.61878	0.50308	1.2264	2.5271	0.024869	2.6486	1.1154	0.21473	0.63928	0.17408	0.44835	1.2823	0.84393	0.11677	0.37508	0.44826	0.58838	0.22462	0.10473	0.49853	1.1086	0.93762	0.014173	0.57983	0.51217	1.2304	2.4576	0.025493	2.6627	1.1703	0.2428	0.65372	0.0058829
65	0.359	0.4332	1.399	0.93993	0.19146	0.3495	0.60157	0.59168	0.21945	0.091542	0.54578	1.1812	1.0993	0.025136	0.66941	0.5398	1.2884	2.5418	0.026473	2.588	1.1354	0.21803	0.65033	0.18184	0.49167	1.3544	0.89822	0.13388	0.40227	0.5054	0.62582	0.24673	0.11864	0.53356	1.1791	0.98468	0.018897	0.61325	0.54693	1.2655	2.5011	0.024334	2.64	1.1698	0.24887	0.69463	0.005259
66	0.36461	0.48374	1.5018	0.98566	0.20314	0.39237	0.64347	0.64516	0.23469	0.10384	0.58936	1.2871	1.1843	0.025938	0.70916	0.57029	1.3362	2.5714	0.02781	2.6224	1.1655	0.2355	0.68643	0.19735	0.53677	1.4631	0.94457	0.1665	0.45423	0.54899	0.65951	0.26651	0.13932	0.57974	1.2253	1.0344	0.021838	0.65301	0.55353	1.348	2.5396	0.026206	2.6171	1.2163	0.25475	0.73251	0.0061503
67	0.37022	0.52822	1.57	1.0595	0.22204	0.41564	0.72271	0.69267	0.25207	0.1116	0.64142	1.3659	1.2617	0.027543	0.76086	0.59917	1.3798	2.6356	0.025493	2.6284	1.1803	0.24343	0.69784	0.21571	0.58705	1.5501	1.0078	0.19726	0.49729	0.61566	0.73394	0.27962	0.14743	0.62947	1.2713	1.0995	0.026117	0.68474	0.60345	1.4055	2.5868	0.025225	2.604	1.2509	0.26598	0.7482	0.0066852
68	0.37583	0.59908	1.6544	1.0959	0.24771	0.4717	0.75961	0.72262	0.27142	0.12835	0.6892	1.418	1.3173	0.032178	0.82076	0.62448	1.4222	2.6309	0.028078	2.6242	1.2186	0.25154	0.71602	0.22141	0.62306	1.6448	1.1002	0.19993	0.55727	0.6547	0.80079	0.31224	0.15928	0.67386	1.3643	1.1742	0.030573	0.75614	0.63545	1.4541	2.5936	0.026295	2.5898	1.2834	0.28283	0.78653	0.0076656
69	0.38144	0.63054	1.7415	1.1769	0.26705	0.51297	0.85989	0.80659	0.28514	0.14823	0.73724	1.5158	1.3879	0.033782	0.86684	0.65087	1.4771	2.6825	0.026117	2.6237	1.2593	0.26732	0.77414	0.24067	0.6752	1.7184	1.1638	0.224	0.59525	0.71068	0.89109	0.32891	0.17185	0.72057	1.4175	1.2619	0.034941	0.78751	0.67074	1.5186	2.6323	0.030484	2.5748	1.2977	0.30377	0.82504	0.012568
70	0.38705	0.69838	1.8094	1.2441	0.2789	0.55317	0.9008	0.87121	0.31768	0.1821	0.80659	1.585	1.4515	0.039665	0.92121	0.69303	1.5149	2.7099	0.030841	2.5624	1.2998	0.29245	0.80249	0.2617	0.70372	1.8189	1.2141	0.26099	0.6563	0.77218	0.94706	0.36002	0.19307	0.7663	1.4835	1.3541	0.043409	0.86595	0.72155	1.5889	2.6489	0.032534	2.5378	1.3443	0.31893	0.85427	0.013192
71	0.39266	0.77708	1.8841	1.3588	0.31304	0.59641	0.95339	0.9517	0.34674	0.21259	0.85784	1.6972	1.533	0.043944	0.97265	0.74098	1.5793	2.7181	0.032267	2.5464	1.3439	0.29718	0.81639	0.30885	0.80222	1.9392	1.3275	0.28809	0.70675	0.85811	1.0184	0.39407	0.2084	0.81728	1.5997	1.4153	0.050985	0.94225	0.75088	1.6431	2.6684	0.037259	2.5266	1.3961	0.32481	0.87121	0.015866
72	0.39827	0.83582	1.9759	1.4456	0.34647	0.66183	1.0318	1.0214	0.39968	0.22667	0.91961	1.73	1.59	0.046618	1.0399	0.75997	1.6613	2.7164	0.03298	2.5197	1.3713	0.30957	0.84777	0.3397	0.86524	2.0719	1.4253	0.32062	0.78626	0.92888	1.0743	0.42758	0.23425	0.90134	1.656	1.5358	0.053036	0.99627	0.80561	1.7253	2.6791	0.037883	2.5239	1.4312	0.34023	0.92826	0.016044
73	0.40388	0.92995	2.0319	1.5691	0.39291	0.72904	1.1048	1.1026	0.43382	0.25101	0.9829	1.8127	1.6578	0.058562	1.1	0.7876	1.7181	2.7562	0.043676	2.5116	1.4452	0.33141	0.87861	0.37401	0.95188	2.1496	1.4958	0.37428	0.85044	1.0103	1.1265	0.47474	0.26589	0.98459	1.6941	1.6019	0.059542	1.075	0.82905	1.811	2.7364	0.04742	2.5042	1.4708	0.36269	0.97345	0.020145
74	0.40949	1.0325	2.1336	1.6577	0.40583	0.79571	1.1832	1.1655	0.4816	0.27855	1.0878	1.8907	1.7457	0.065247	1.1669	0.84144	1.7815	2.7564	0.053749	2.4763	1.5031	0.34264	0.92344	0.40156	1.0198	2.2498	1.6105	0.38899	0.93628	1.0931	1.2007	0.5078	0.28773	1.043	1.8181	1.7366	0.063821	1.1262	0.88806	1.8602	2.7443	0.051164	2.5068	1.5098	0.38275	1.0012	0.030306
75	0.4151	1.1013	2.2604	1.7491	0.46493	0.88182	1.2559	1.2588	0.5177	0.31331	1.1661	1.9503	1.8059	0.074339	1.2491	0.90365	1.8622	2.7644	0.057314	2.4719	1.5383	0.36795	0.96124	0.45655	1.0939	2.3453	1.6884	0.42464	0.99546	1.2004	1.2866	0.54872	0.31946	1.1146	1.8541	1.8715	0.076567	1.2092	0.95954	1.89	2.7629	0.055175	2.4592	1.5694	0.40592	1.0508	0.031643
76	0.42071	1.2088	2.3764	1.8639	0.4947	1.004	1.3574	1.3928	0.57626	0.32044	1.259	2.0658	1.8711	0.079331	1.3436	0.95928	1.9924	2.7667	0.061414	2.4272	1.5906	0.38961	1.0211	0.50772	1.1853	2.4755	1.7896	0.4791	1.0855	1.2434	1.4231	0.61236	0.35592	1.2225	1.9486	1.9269	0.089135	1.2987	0.98539	1.9737	2.7803	0.060434	2.4151	1.6261	0.41974	1.1149	0.041091
77	0.42632	1.3397	2.4981	1.9587	0.55237	1.1022	1.4192	1.4755	0.63714	0.36519	1.3536	2.1924	1.9702	0.098673	1.4129	1.0013	2.0511	2.7907	0.070952	2.4102	1.6494	0.41065	1.0653	0.56057	1.2976	2.6469	1.9051	0.51021	1.1696	1.3314	1.528	0.66638	0.38872	1.3228	2.0259	2.1144	0.096623	1.3792	1.0416	2.0547	2.7918	0.073626	2.4502	1.6808	0.42678	1.1477	0.050005
78	0.43193	1.4597	2.5429	2.088	0.63224	1.2168	1.5036	1.5656	0.69561	0.41965	1.4376	2.2504	2.1252	0.11712	1.4863	1.0589	2.1213	2.7746	0.071576	2.3793	1.6695	0.42651	1.1151	0.61691	1.44	2.7378	2.0474	0.55202	1.2582	1.4216	1.6076	0.71397	0.43837	1.4149	2.1175	2.1957	0.1099	1.4618	1.0988	2.1306	2.8084	0.072021	2.4157	1.7371	0.45842	1.1848	0.055175
79	0.43754	1.6134	2.6598	2.2024	0.69499	1.3303	1.6278	1.659	0.77022	0.44621	1.5722	2.2881	2.2546	0.12345	1.5651	1.1203	2.2038	2.8005	0.079152	2.3747	1.7348	0.44906	1.185	0.67832	1.5625	2.878	2.1547	0.59632	1.3001	1.5527	1.7103	0.754	0.48819	1.5025	2.207	2.2853	0.12185	1.5661	1.1537	2.1703	2.7724	0.087085	2.3673	1.778	0.47277	1.2383	0.067921
80	0.44315	1.7168	2.7399	2.3352	0.76238	1.4255	1.739	1.7935	0.83306	0.51939	1.6445	2.4034	2.3245	0.14057	1.6194	1.1851	2.2759	2.7808	0.088333	2.3301	1.7801	0.47099	1.222	0.75364	1.7018	3.0326	2.2783	0.67948	1.408	1.7101	1.828	0.83172	0.53071	1.6212	2.2932	2.3608	0.13869	1.6478	1.2311	2.2602	2.7831	0.089581	2.3242	1.8432	0.50308	1.2792	0.067208
81	0.44876	1.8394	2.873	2.4573	0.82147	1.5485	1.8492	1.92	0.89233	0.56218	1.7622	2.5056	2.4357	0.15643	1.7343	1.2533	2.3664	2.7763	0.10197	2.285	1.8634	0.51707	1.2583	0.83859	1.8485	3.1776	2.3998	0.77102	1.5134	1.8266	1.9842	0.91471	0.58321	1.7001	2.4048	2.4978	0.15224	1.7612	1.2776	2.3402	2.7943	0.095375	2.323	1.8831	0.54542	1.3337	0.076211
82	0.45436	2.0258	2.9685	2.5842	0.91096	1.7043	1.9999	2.0058	0.98147	0.62582	1.8416	2.5703	2.5371	0.17542	1.8435	1.2924	2.4674	2.7634	0.11293	2.2888	1.8948	0.55237	1.3176	0.93253	1.995	3.2963	2.5508	0.87076	1.637	1.9399	2.0475	0.99849	0.65461	1.7834	2.5571	2.6483	0.17693	1.8679	1.3509	2.4262	2.7647	0.10768	2.3032	1.9514	0.56227	1.3878	0.087798
83	0.45997	2.1795	3.1337	2.7425	0.98138	1.8613	2.144	2.1382	1.0914	0.68474	1.9268	2.6642	2.6584	0.19601	1.9524	1.3857	2.5591	2.7741	0.12916	2.2377	1.9512	0.57064	1.3526	1.0313	2.1258	3.4075	2.6435	0.95794	1.7846	2.0892	2.1459	1.0946	0.7023	1.9345	2.6475	2.7596	0.19957	1.9801	1.4271	2.5241	2.7411	0.12185	2.2311	2.0023	0.59079	1.4459	0.10259
84	0.46558	2.2785	3.2741	2.8933	1.0711	1.953	2.2295	2.277	1.1858	0.73911	2.0211	2.7715	2.7798	0.22792	2.0725	1.4775	2.6644	2.7228	0.15135	2.2117	2.0292	0.60862	1.4437	1.1304	2.3066	3.566	2.7753	1.0313	1.8923	2.2263	2.2857	1.1878	0.77004	2.0423	2.6893	2.8967	0.23095	2.0556	1.5012	2.5899	2.7342	0.14199	2.1966	2.0579	0.62805	1.5029	0.1206
85	0.47119	2.5074	3.4281	3.0062	1.197	2.1172	2.3601	2.4235	1.2874	0.818	2.1598	2.8673	2.9087	0.2609	2.1548	1.5472	2.7748	2.6955	0.1698	2.1584	2.0935	0.6383	1.507	1.2232	2.4933	3.6595	2.9114	1.1557	2.0194	2.375	2.4018	1.2783	0.85713	2.1447	2.8473	2.9895	0.28327	2.1806	1.6098	2.7114	2.7026	0.16071	2.1666	2.1351	0.66504	1.5515	0.13433
86	0.4768	2.6974	3.5461	3.159	1.3295	2.2448	2.5327	2.5275	1.3851	0.91453	2.2504	2.9706	3.0002	0.30404	2.2563	1.6435	2.8229	2.6653	0.1912	2.1209	2.1371	0.66611	1.5608	1.3436	2.6766	3.7686	2.9966	1.2575	2.1299	2.5108	2.5624	1.405	0.94983	2.2975	2.9542	3.159	0.31055	2.3194	1.6853	2.7822	2.6791	0.18799	2.0949	2.2392	0.6998	1.6398	0.16294
87	0.48241	2.8944	3.7507	3.2631	1.4189	2.4153	2.6738	2.6973	1.5274	1.014	2.4013	3.0993	3.1178	0.35574	2.3566	1.7647	2.8895	2.6335	0.20831	2.0471	2.2141	0.7236	1.6428	1.464	2.8874	3.8619	3.161	1.3987	2.3024	2.6503	2.6668	1.4906	1.0298	2.4562	3.0555	3.28	0.35387	2.4438	1.7489	2.8475	2.6528	0.21482	2.0854	2.3101	0.73991	1.7163	0.19262
88	0.48802	3.0358	3.8313	3.3379	1.542	2.6163	2.8571	2.7992	1.6551	1.0912	2.5405	3.1966	3.1984	0.40851	2.4683	1.8395	2.9347	2.5753	0.23148	2.0127	2.2894	0.77869	1.7288	1.593	3.0606	3.9357	3.3261	1.5513	2.4311	2.8334	2.844	1.653	1.1542	2.6049	3.1737	3.357	0.42152	2.5689	1.8742	2.9205	2.5824	0.24379	1.9989	2.3808	0.80044	1.7775	0.22213
89	0.49363	3.269	3.9823	3.4727	1.6716	2.7931	2.9746	2.9499	1.756	1.1918	2.6621	3.3305	3.3383	0.47108	2.6079	1.962	3.0033	2.5596	0.25956	1.9923	2.375	0.81461	1.8344	1.72	3.2575	4.0583	3.4533	1.6822	2.6168	3.0183	3.0408	1.8023	1.2502	2.7592	3.3018	3.4647	0.47001	2.7055	2.0183	2.9697	2.5404	0.2666	1.9785	2.427	0.87674	1.8751	0.25644
90	0.49924	3.524	4.0527	3.5787	1.8168	2.9951	3.1323	3.1088	1.9065	1.3275	2.8202	3.4675	3.4592	0.5349	2.7396	2.0834	3.0755	2.4871	0.27605	1.9236	2.4491	0.86435	1.8787	1.9217	3.5215	4.1657	3.5969	1.8327	2.7868	3.1672	3.1478	1.9399	1.3736	2.9072	3.375	3.5677	0.53954	2.8483	2.0799	3.0364	2.5192	0.30404	1.9753	2.5147	0.9222	1.9475	0.30663
91	0.50485	3.7504	4.13	3.6876	2.008	3.1573	3.3329	3.2349	2.063	1.4437	2.9552	3.613	3.5282	0.62136	2.8938	2.2361	3.1847	2.4144	0.30582	1.8864	2.5264	0.9468	1.9684	2.0423	3.7543	4.2569	3.7493	1.9854	2.9385	3.3922	3.2939	2.0611	1.485	3.0798	3.5235	3.7448	0.62858	2.9498	2.1934	3.1282	2.4397	0.33934	1.8782	2.6035	0.96703	2.0017	0.36759
92	0.51046	3.9465	4.1724	3.8369	2.1427	3.3588	3.4738	3.3912	2.2391	1.5789	3.095	3.6919	3.6705	0.6916	2.9821	2.3648	3.2649	2.3864	0.36501	1.8043	2.5815	0.99948	2.0658	2.2212	4.0204	4.3339	3.9302	2.1811	3.0956	3.5796	3.4791	2.222	1.6252	3.2497	3.6743	3.8193	0.71567	3.0659	2.3108	3.1482	2.4142	0.39407	1.8328	2.634	1.0348	2.0718	0.42223
93	0.51607	4.1993	4.2547	3.9678	2.3106	3.5654	3.623	3.5035	2.3979	1.7408	3.2865	3.7398	3.7467	0.77557	3.0926	2.4614	3.3187	2.337	0.40886	1.7895	2.6694	1.0794	2.1121	2.4177	4.2611	4.3298	4.0701	2.3685	3.3072	3.7342	3.6292	2.4374	1.7375	3.3902	3.7468	3.9547	0.7851	3.2334	2.4057	3.2497	2.3459	0.44764	1.7715	2.7379	1.1029	2.1572	0.507
94	0.52168	4.4376	4.3131	4.1065	2.4784	3.7356	3.7974	3.6661	2.6151	1.9048	3.434	3.8109	3.8835	0.87326	3.1925	2.6133	3.3979	2.2738	0.45192	1.7429	2.7236	1.1533	2.1906	2.6185	4.4312	4.3571	4.1795	2.5849	3.5191	3.9058	3.7733	2.6142	1.9189	3.5206	3.8197	4.0227	0.88797	3.3664	2.5524	3.2971	2.2607	0.49907	1.7093	2.7414	1.1663	2.2349	0.56877
95	0.52729	4.7065	4.3828	4.2631	2.6832	3.9497	3.9699	3.9152	2.8232	2.0614	3.5598	3.8853	3.9417	0.99555	3.3451	2.7387	3.4299	2.199	0.53098	1.6654	2.8116	1.2337	2.2719	2.7937	4.6591	4.4299	4.2865	2.7989	3.7066	4.1002	4.0037	2.8453	2.0228	3.7021	3.942	4.0848	0.98548	3.4434	2.7107	3.3426	2.1916	0.56735	1.6691	2.8511	1.2589	2.2709	0.65675
96	0.5329	4.925	4.4299	4.3486	2.8904	4.1704	4.161	4.0596	3.0122	2.2297	3.6857	3.9181	3.9701	1.0714	3.4488	2.883	3.473	2.1408	0.60166	1.6134	2.9115	1.3342	2.3609	3.0417	4.9047	4.4491	4.3708	3.0383	3.9234	4.2543	4.1454	3.0035	2.1991	3.8542	3.9607	4.1573	1.0825	3.5635	2.8143	3.4021	2.1015	0.65621	1.5695	2.863	1.3426	2.3749	0.74936
97	0.53851	5.1084	4.4004	4.4918	3.0876	4.2553	4.3096	4.178	3.1945	2.4238	3.8359	4.022	4.0798	1.2277	3.6144	3.0518	3.5178	2.054	0.68403	1.5324	2.9796	1.4152	2.4488	3.2738	5.1492	4.4354	4.4869	3.2249	4.0669	4.4376	4.2374	3.2051	2.4063	4.0041	4.0457	4.2174	1.2047	3.6777	2.9952	3.4334	2.0516	0.7449	1.4885	2.945	1.4214	2.4704	0.81871
98	0.54412	5.2774	4.4445	4.5821	3.3454	4.4531	4.3979	4.3253	3.3956	2.5778	3.9824	4.0697	4.1008	1.3655	3.7082	3.2004	3.5597	2.0137	0.80971	1.4748	3.048	1.5076	2.5355	3.4601	5.3676	4.3739	4.5554	3.4754	4.239	4.539	4.3471	3.4326	2.5698	4.105	4.059	4.298	1.3616	3.8078	3.1292	3.4632	1.9978	0.84376	1.4575	3.0486	1.5038	2.5511	0.92068
99	0.54973	5.5052	4.4192	4.6139	3.5702	4.5764	4.5427	4.4518	3.6671	2.7986	4.1064	4.1128	4.1998	1.553	3.8105	3.3515	3.5655	1.9349	0.92014	1.4214	3.1037	1.6153	2.658	3.7097	5.5205	4.34	4.6613	3.7817	4.406	4.5958	4.5195	3.6392	2.7906	4.2471	4.1282	4.3132	1.5362	3.8601	3.2807	3.4742	1.9	0.94528	1.4094	3.1052	1.5901	2.6266	1.0188
100	0.55533	5.8164	4.2926	4.6242	3.8629	4.7545	4.6597	4.557	3.8925	3.0473	4.1837	4.1922	4.166	1.7348	3.9673	3.4419	3.5619	1.8525	1.0449	1.3326	3.1839	1.6838	2.7151	3.9122	5.7346	4.2854	4.7034	4.0449	4.564	4.6743	4.6143	3.9166	2.9915	4.3987	4.1431	4.3968	1.6946	3.987	3.3732	3.5197	1.8367	1.0651	1.32	3.1313	1.7131	2.6917	1.1325
101	0.56094	5.9617	4.1958	4.683	4.0692	4.9306	4.733	4.6557	4.0826	3.264	4.3633	4.2038	4.2332	1.9333	4.0442	3.6147	3.5412	1.7568	1.1813	1.293	3.2532	1.7853	2.8476	4.2678	5.8832	4.1881	4.7143	4.3171	4.7059	4.7986	4.7211	4.142	3.2379	4.5139	4.1763	4.4166	1.8939	4.1132	3.5447	3.5461	1.7473	1.1904	1.2647	3.1794	1.828	2.7803	1.2722
102	0.56655	6.0029	4.1263	4.6521	4.3483	5.0747	4.8434	4.7259	4.3537	3.5225	4.4851	4.1686	4.2751	2.1172	4.1155	3.7337	3.5616	1.6978	1.3346	1.2295	3.2546	1.9162	2.9029	4.4482	6.0037	4.1074	4.6615	4.5554	4.8129	4.8885	4.8433	4.3472	3.4429	4.6197	4.2207	4.3982	2.1126	4.1762	3.6961	3.5254	1.6656	1.3345	1.2097	3.1902	1.9441	2.8811	1.4499
103	0.57216	6.0959	3.9419	4.6479	4.6002	5.1632	4.9221	4.8271	4.5352	3.7779	4.5164	4.1637	4.2093	2.3479	4.1837	3.8626	3.5402	1.6107	1.4848	1.1465	3.3149	2.0522	3.0015	4.6653	6.0465	3.9619	4.6455	4.8098	4.9655	4.9577	4.8967	4.5062	3.6803	4.7258	4.1476	4.3219	2.326	4.2368	3.8438	3.4979	1.5545	1.4997	1.1435	3.1692	2.0797	2.9512	1.6166
104	0.57777	6.0653	3.7819	4.5947	4.8344	5.237	4.9954	4.8861	4.8078	4.0341	4.6442	4.0728	4.2123	2.5811	4.2877	3.9975	3.4799	1.5157	1.6867	1.0842	3.3479	2.2298	3.0685	4.852	6.1081	3.8189	4.5918	5.0785	5.058	5.0334	4.8965	4.7731	3.9662	4.7929	4.0953	4.2586	2.5465	4.2839	3.9885	3.4915	1.4887	1.6784	1.0556	3.2218	2.2356	3.0495	1.797
105	0.58338	6.0038	3.5921	4.5102	5.0717	5.2944	5.0366	4.8725	5.0455	4.3097	4.6995	4.0618	4.1369	2.8776	4.3323	4.1345	3.4546	1.4492	1.9147	1.0091	3.3705	2.3616	3.185	5.0531	5.9505	3.6294	4.5171	5.3095	5.1354	5.1236	4.9184	4.9617	4.2047	4.8807	4.0633	4.1956	2.8112	4.3639	4.1004	3.4504	1.3995	1.9173	1.0234	3.2552	2.3894	3.1272	1.9692
106	0.58899	5.8699	3.3958	4.4153	5.3018	5.2669	5.0265	4.8987	5.2	4.583	4.767	3.9789	4.0328	3.1456	4.3718	4.2583	3.405	1.3536	2.1132	0.94484	3.3945	2.5017	3.2741	5.2733	5.8501	3.3855	4.44	5.5228	5.1916	5.1018	4.9191	5.1369	4.4008	4.8563	3.9315	4.0934	3.1329	4.4307	4.2528	3.3891	1.3084	2.1423	0.91934	3.2411	2.5179	3.2097	2.1396
107	0.5946	5.7354	3.1441	4.3591	5.5506	5.2683	5.0059	4.8666	5.3928	4.8091	4.7823	3.851	3.9283	3.4273	4.3941	4.4073	3.3296	1.2426	2.3326	0.87531	3.3949	2.6808	3.3863	5.4446	5.7631	3.1656	4.2982	5.6802	5.2544	5.0679	4.9439	5.3069	4.6236	4.8926	3.8152	4.003	3.4153	4.4527	4.411	3.3025	1.1986	2.3969	0.8746	3.2355	2.6507	3.2739	2.3348
108	0.60021	5.5187	2.9257	4.175	5.7897	5.2141	4.9328	4.8728	5.5095	5.0614	4.8002	3.7158	3.8229	3.6775	4.4157	4.571	3.244	1.1612	2.62	0.8048	3.4036	2.8319	3.4559	5.6484	5.5519	2.9381	4.1535	5.9518	5.2472	5.0113	4.8606	5.4943	4.8861	4.852	3.6726	3.816	3.718	4.4085	4.5054	3.2242	1.1054	2.6578	0.79402	3.2073	2.8166	3.3624	2.5942
109	0.60582	5.3606	2.726	4.0689	5.9575	5.1919	4.8735	4.7993	5.6595	5.3239	4.7764	3.5285	3.6501	4.0244	4.3757	4.6079	3.1285	1.0516	2.8531	0.74847	3.3599	2.969	3.5348	5.7142	5.2925	2.6775	3.9646	6.0478	5.2918	4.9279	4.7328	5.66	5.1392	4.818	3.5059	3.6693	4.0156	4.3798	4.5579	3.1299	1.0394	2.9096	0.74366	3.1488	2.9529	3.3776	2.8447
110	0.61143	4.9902	2.4463	3.8083	6.0821	5.0819	4.7501	4.687	5.7438	5.5594	4.7537	3.3769	3.4891	4.3933	4.3651	4.685	3.0294	0.9484	3.159	0.67377	3.3436	3.1363	3.5537	5.84	4.9996	2.3576	3.7179	6.1411	5.229	4.7716	4.556	5.7703	5.4027	4.7969	3.3906	3.4916	4.3411	4.3593	4.6089	3.007	0.94617	3.2172	0.68706	3.1504	3.1192	3.4286	3.0817
111	0.61704	4.5674	2.192	3.5758	6.1446	4.9585	4.5485	4.5277	5.8101	5.7692	4.6788	3.1439	3.3174	4.6836	4.2967	4.7153	2.8734	0.89831	3.5099	0.60719	3.3157	3.3435	3.5877	5.9371	4.5647	2.1124	3.5192	6.1848	5.1426	4.6623	4.3784	5.8543	5.6283	4.6309	3.1367	3.2969	4.659	4.2883	4.623	2.8925	0.84527	3.4855	0.61423	3.0917	3.2698	3.4521	3.4178
112	0.62265	4.1349	1.9119	3.3383	6.1834	4.8223	4.315	4.3359	5.8217	5.8787	4.5444	2.9537	3.1523	5.0486	4.1992	4.7187	2.7207	0.78083	3.7776	0.55148	3.2047	3.4731	3.6454	5.9529	4.1309	1.8665	3.2777	6.2227	5.0467	4.4229	4.1405	5.8263	5.7865	4.4737	2.9486	3.0766	4.9852	4.1701	4.6416	2.7554	0.77699	3.815	0.53936	3.0343	3.4076	3.5159	3.7392
113	0.62826	3.6664	1.6524	3.0848	6.2338	4.5961	4.132	4.032	5.8181	6.0239	4.3932	2.7509	2.8805	5.3693	4.1476	4.7017	2.6066	0.72084	4.1559	0.49764	3.1516	3.6402	3.6867	5.8861	3.6963	1.624	3.0391	6.2258	4.9245	4.2593	3.91	5.7806	5.9255	4.3246	2.7422	2.8829	5.3455	4.0636	4.6835	2.6322	0.69864	4.1145	0.4972	2.969	3.5728	3.5586	4.0118
114	0.63387	3.1968	1.4099	2.7577	6.156	4.3598	3.8204	3.806	5.7973	6.1142	4.2264	2.4959	2.6902	5.708	3.978	4.6709	2.4805	0.63964	4.4848	0.45111	3.0687	3.7778	3.7067	5.8189	3.1638	1.3646	2.8203	6.1462	4.6462	3.9712	3.6335	5.7798	6.0454	4.1215	2.4838	2.6547	5.7021	3.9292	4.6941	2.4966	0.62983	4.4473	0.43926	2.8664	3.7613	3.588	4.3486
115	0.63948	2.7039	1.1464	2.4656	6.0496	4.0835	3.4954	3.5222	5.692	6.1416	3.9892	2.2566	2.4715	5.9435	3.7955	4.6022	2.2996	0.55826	4.8407	0.38783	2.9745	3.9279	3.7174	5.72	2.663	1.1375	2.5137	6.0206	4.346	3.672	3.3686	5.6236	6.1614	3.9155	2.2693	2.4141	5.9565	3.785	4.5915	2.3517	0.56369	4.7704	0.41154	2.786	3.9073	3.5766	4.6856
116	0.64509	2.2298	0.94626	2.1858	5.8476	3.8555	3.2397	3.2389	5.5138	6.1445	3.7819	2.0277	2.213	6.1618	3.6098	4.5308	2.1046	0.49042	5.1659	0.34406	2.8705	4.1201	3.7437	5.5173	2.1643	0.89804	2.2215	5.8267	3.9926	3.4084	3.048	5.4547	6.1127	3.689	2.0383	2.1685	6.2497	3.6138	4.5136	2.1907	0.5087	5.1156	0.35547	2.6825	4.0151	3.5766	5.051
117	0.6507	1.8051	0.74455	1.861	5.6068	3.5079	2.926	2.9586	5.2831	6.1044	3.532	1.7724	1.9899	6.4517	3.4449	4.408	1.9798	0.40655	5.4978	0.3109	2.7546	4.2001	3.6904	5.2851	1.718	0.73421	1.9121	5.5219	3.6245	3.0327	2.7328	5.2078	6.2054	3.3881	1.7989	1.8931	6.5091	3.402	4.3789	2.0157	0.42919	5.4186	0.3093	2.55	4.2117	3.5217	5.3468
118	0.6563	1.4365	0.56744	1.5689	5.2548	3.1477	2.6547	2.5641	4.9807	6.0172	3.2312	1.5315	1.7049	6.7186	3.2156	4.2511	1.7953	0.35672	5.7699	0.2716	2.6299	4.3342	3.6112	5.0385	1.3091	0.55727	1.6585	5.1331	3.3215	2.692	2.4439	4.8703	6.0198	3.0742	1.5524	1.6683	6.6399	3.2226	4.2573	1.8058	0.35538	5.6951	0.27062	2.4316	4.2894	3.5659	5.6555
119	0.66191	1.0699	0.41831	1.2947	4.8434	2.7873	2.3282	2.248	4.643	5.8435	2.9701	1.3041	1.512	6.8454	2.9581	4.0444	1.6285	0.30796	6.0641	0.23906	2.4462	4.4692	3.6098	4.7165	0.96703	0.4225	1.376	4.758	2.9459	2.3807	2.1768	4.6034	5.9009	2.802	1.3334	1.4357	6.8124	3.0315	4.0758	1.6429	0.30832	5.9614	0.23024	2.2715	4.4067	3.5496	6.0054
120	0.66752	0.78412	0.30039	1.0331	4.4126	2.4297	2.017	1.9343	4.262	5.6202	2.6302	1.1003	1.2987	6.9095	2.7189	3.8618	1.4651	0.2601	6.329	0.20082	2.2786	4.5722	3.5335	4.3227	0.7072	0.30155	1.1389	4.3712	2.5351	2.0729	1.8892	4.2583	5.7316	2.4987	1.1286	1.2402	6.8949	2.8039	3.8596	1.4758	0.2666	6.2238	0.19957	2.1552	4.5334	3.4464	6.3761
121	0.67313	0.53526	0.20608	0.81648	3.9591	2.0575	1.7057	1.6465	3.8845	5.3713	2.3357	0.93334	1.0821	6.9218	2.472	3.6475	1.33	0.21089	6.524	0.16098	2.142	4.6758	3.5113	3.917	0.47438	0.20884	0.89127	3.8892	2.2169	1.7359	1.5862	3.875	5.4466	2.1756	0.92843	1.0331	6.9393	2.5613	3.5986	1.3238	0.21428	6.3892	0.17578	2.0085	4.6432	3.3979	6.5852
122	0.67874	0.3618	0.1436	0.62484	3.5062	1.7276	1.3932	1.3606	3.4474	5.0032	2.0436	0.74883	0.88119	6.8892	2.2138	3.3217	1.1729	0.18371	6.7021	0.13593	1.9826	4.6998	3.3746	3.4982	0.32312	0.14565	0.66664	3.3711	1.8209	1.4254	1.2932	3.4189	5.0821	1.8855	0.75872	0.82076	6.8652	2.2778	3.3527	1.1406	0.17907	6.6077	0.13709	1.8418	4.6891	3.3142	6.7786
123	0.68435	0.22435	0.08655	0.45735	3.0262	1.3836	1.1313	1.1112	3.0502	4.6507	1.7351	0.58615	0.71531	6.7262	1.9861	3.0355	1.0015	0.14895	6.8439	0.11436	1.8051	4.822	3.2722	3.0586	0.19583	0.096534	0.51494	2.9047	1.4527	1.1476	1.0513	3.0007	4.6886	1.5984	0.61432	0.66513	6.7112	2.0241	3.0712	0.99074	0.14279	6.7032	0.10946	1.6683	4.7813	3.1933	7.0692
124	0.68996	0.12925	0.056423	0.34192	2.4717	1.1189	0.90695	0.88966	2.5829	4.2284	1.445	0.46083	0.56325	6.4893	1.7181	2.7612	0.84171	0.11195	6.8671	0.091542	1.6273	4.813	3.1565	2.5821	0.11846	0.060256	0.37704	2.3965	1.1573	0.91292	0.83939	2.582	4.2445	1.3528	0.47794	0.52501	6.5761	1.7463	2.8413	0.87272	0.11445	6.8356	0.095464	1.521	4.7903	3.0875	7.1687
125	0.69557	0.078083	0.033782	0.24878	2.0188	0.87584	0.69748	0.67814	2.1696	3.7644	1.1731	0.35182	0.43667	6.2017	1.4847	2.4842	0.71103	0.087709	6.8206	0.076746	1.4698	4.8126	3.0213	2.1912	0.064534	0.03708	0.26758	1.9399	0.89064	0.69802	0.64017	2.1908	3.8121	1.0879	0.36733	0.41056	6.3652	1.5275	2.5134	0.75079	0.094127	6.8399	0.080489	1.3623	4.7756	2.9553	7.2072
126	0.70118	0.037348	0.016579	0.16526	1.5722	0.66887	0.5087	0.5087	1.7785	3.3328	0.92852	0.27498	0.33444	5.8773	1.2689	2.1778	0.58116	0.070506	6.7398	0.063643	1.2946	4.8007	2.8803	1.7854	0.036813	0.019966	0.17827	1.5004	0.65809	0.53339	0.47794	1.7559	3.3123	0.84901	0.26821	0.297	5.9442	1.289	2.199	0.62956	0.069436	6.76	0.060701	1.215	4.7546	2.7922	7.1982
127	0.70679	0.018005	0.0083787	0.10464	1.1816	0.475	0.37517	0.37437	1.414	2.8066	0.74232	0.19619	0.23799	5.462	1.064	1.8835	0.48338	0.049292	6.6092	0.047598	1.1629	4.7276	2.7143	1.4434	0.016401	0.01132	0.11775	1.1465	0.47545	0.37749	0.34977	1.4215	2.8356	0.67199	0.18977	0.2273	5.5438	1.0694	1.8993	0.51271	0.055621	6.6035	0.044746	1.0686	4.7055	2.6571	7.0659
128	0.7124	0.0073091	0.0033871	0.062306	0.86631	0.32526	0.2576	0.26553	1.108	2.3395	0.57831	0.14297	0.17676	4.9741	0.86693	1.5618	0.38266	0.03815	6.4043	0.037348	1.0037	4.6126	2.5006	1.1055	0.0086461	0.0077548	0.077102	0.83538	0.31554	0.2683	0.24744	1.0891	2.3881	0.50834	0.14146	0.16178	4.9962	0.86854	1.6324	0.41198	0.042607	6.4314	0.037704	0.90517	4.5923	2.4929	6.8493
129	0.71801	0.0049024	0.0017827	0.042161	0.61227	0.20991	0.18077	0.17257	0.84171	1.9086	0.41742	0.098584	0.12595	4.4438	0.67877	1.3086	0.29326	0.030484	6.1234	0.030217	0.86568	4.5235	2.3438	0.82709	0.0041894	0.003298	0.043498	0.60042	0.21642	0.17355	0.16321	0.81497	1.9525	0.37553	0.10046	0.10331	4.5351	0.70462	1.3512	0.30493	0.034674	6.1002	0.028523	0.80694	4.486	2.2992	6.4973
130	0.72362	0.0022284	0.00062395	0.02264	0.41885	0.1354	0.10866	0.1149	0.60157	1.4836	0.30226	0.069169	0.084233	3.8882	0.52358	1.0631	0.23024	0.018986	5.7396	0.02371	0.74517	4.3405	2.2066	0.59239	0.0016044	0.0010696	0.020769	0.39799	0.13397	0.10999	0.10447	0.59498	1.5689	0.26286	0.067119	0.071665	3.9643	0.54604	1.0868	0.24156	0.021392	5.7696	0.021214	0.68411	4.3544	2.1015	6.1208
131	0.72923	0.00071308	0	0.0097158	0.27873	0.079331	0.06908	0.060345	0.41805	1.1517	0.21009	0.043142	0.054016	3.3572	0.41198	0.83047	0.18264	0.013994	5.3027	0.017025	0.62297	4.2211	1.995	0.41867	0.00026741	0.00017827	0.0081113	0.25519	0.081737	0.069704	0.063821	0.40441	1.1984	0.1846	0.042785	0.042161	3.3703	0.42678	0.87219	0.18692	0.015599	5.394	0.016401	0.57189	4.1692	1.9376	5.6197
132	0.73484	0.00035654	0	0.0058829	0.16829	0.044479	0.041002	0.038774	0.28095	0.86176	0.13976	0.024869	0.034941	2.7999	0.29914	0.66147	0.13798	0.010964	4.8728	0.012568	0.50326	3.9759	1.7895	0.28078	0	0	0.0049024	0.15349	0.048579	0.038774	0.037526	0.27587	0.87584	0.1239	0.022551	0.02683	2.7899	0.31705	0.67431	0.13281	0.0088244	4.8868	0.013816	0.45495	3.9545	1.7557	5.0597
133	0.74045	8.9135e-05	0	0.0030306	0.089581	0.025582	0.02273	0.022195	0.17248	0.60398	0.090116	0.01444	0.022016	2.2592	0.21811	0.4972	0.098673	0.0066852	4.367	0.0073982	0.40886	3.7696	1.5908	0.17328	0	0	0.0022284	0.090294	0.026919	0.024334	0.021125	0.17863	0.62689	0.077815	0.016579	0.013638	2.263	0.23612	0.52126	0.10001	0.0071308	4.384	0.010161	0.37686	3.7209	1.5427	4.4469
134	0.74606	0	0	0.00035654	0.047687	0.011944	0.013192	0.012301	0.1034	0.41689	0.058116	0.010072	0.012657	1.8161	0.1616	0.37161	0.066762	0.0042785	3.8849	0.0067743	0.32927	3.5377	1.4265	0.10821	0	0	0.00044568	0.050896	0.014529	0.010875	0.0094484	0.1017	0.4283	0.050451	0.0097158	0.0086461	1.7772	0.16383	0.3823	0.075052	0.0036546	3.8483	0.0060612	0.30413	3.4907	1.3866	3.8271
135	0.75167	0	0	0.00044568	0.026651	0.0058829	0.0049024	0.0051699	0.065515	0.26803	0.033069	0.0057047	0.0063286	1.4024	0.10607	0.26616	0.047955	0.0031197	3.3418	0.0050807	0.25306	3.223	1.2173	0.064623	0	0	0	0.021125	0.0078439	0.0048133	0.0041894	0.060879	0.2896	0.031197	0.0041002	0.0043676	1.3739	0.10866	0.26937	0.04635	0.0020501	3.3468	0.0048133	0.23665	3.1936	1.2223	3.1768
136	0.75727	0	0	0.00026741	0.010696	0.0036546	0.0020501	0.0032089	0.037883	0.16784	0.019521	0.0024067	0.0030306	1.0352	0.072734	0.18335	0.032445	0.0016044	2.8051	0.0024067	0.19842	2.9707	1.0598	0.030752	0	0	0	0.010696	0.0033871	0.0032089	0.0022284	0.03093	0.1928	0.018808	0.0020501	0.0025849	1.0374	0.069882	0.18362	0.032802	0.0021392	2.8527	0.0030306	0.16873	2.9312	1.0283	2.533
137	0.76288	0	0	8.9135e-05	0.0047242	0.001337	0.0011588	0.001337	0.020323	0.094394	0.0094484	0.0015153	0.001961	0.73893	0.041091	0.11659	0.018184	0.0016044	2.3282	0.0021392	0.1485	2.6441	0.90196	0.017025	0	0	0	0.0040111	0.0011588	0.00080222	0.0010696	0.016312	0.10848	0.010964	0.0010696	0.00080222	0.73626	0.042161	0.12399	0.018986	0.0010696	2.3377	0.001961	0.13219	2.664	0.87281	1.9391
138	0.76849	0	0	0	0.0018718	0.00071308	0.00053481	8.9135e-05	0.010518	0.050183	0.0048133	0.00062395	0.0010696	0.50201	0.02576	0.079954	0.012746	0.00053481	1.8898	0.0011588	0.11249	2.3486	0.76835	0.0080222	0	0	0	0.001337	0.00035654	0.00044568	8.9135e-05	0.0091809	0.058384	0.0045459	0.00089135	0.00044568	0.51351	0.026206	0.074785	0.012746	0.00026741	1.8942	0.0010696	0.099297	2.3612	0.72521	1.4419
139	0.7741	0	0	0	0.0010696	8.9135e-05	8.9135e-05	0	0.003922	0.027543	0.0020501	0.00026741	0.00026741	0.33239	0.014975	0.043498	0.0063286	8.9135e-05	1.4457	0.00080222	0.080222	2.094	0.61878	0.003298	0	0	0	8.9135e-05	0.00017827	0.00026741	8.9135e-05	0.0058829	0.028969	0.0028523	0.00026741	0.00026741	0.32321	0.017649	0.047064	0.0060612	8.9135e-05	1.4797	0.001337	0.064801	2.0268	0.58892	1.0214
140	0.77971	0	0	0	0.00062395	8.9135e-05	0.00017827	0	0.0014262	0.01239	0.00062395	0	0	0.20287	0.0087353	0.02576	0.0036546	0.00017827	1.1129	0.00080222	0.056423	1.7862	0.5005	0.0017827	0	0	0	8.9135e-05	0	0	0	0.0025849	0.012479	0.0014262	8.9135e-05	8.9135e-05	0.19797	0.0091809	0.030841	0.0028523	0.00017827	1.1135	0.00035654	0.051966	1.7676	0.47866	0.67939
141	0.78532	0	0	0	0	0	0	0	0.00098049	0.0071308	8.9135e-05	0	0	0.12265	0.0042785	0.014529	0.00089135	8.9135e-05	0.80445	0.00035654	0.03913	1.5423	0.39282	0.00017827	0	0	0	8.9135e-05	0	0	0	0.00053481	0.0062395	0.00017827	8.9135e-05	0	0.1165	0.0041002	0.016936	0.0014262	0	0.80676	0.00035654	0.030306	1.4818	0.36697	0.41858
142	0.79093	0	0	0	0	0	0	0	8.9135e-05	0.0018718	0	0	0	0.069882	0.0016044	0.0084679	0.00071308	0	0.58312	8.9135e-05	0.024067	1.2696	0.3011	0	0	0	0	0	0	0	0	0.00044568	0.0027632	8.9135e-05	0	8.9135e-05	0.066228	0.0021393	0.0088244	0.00062395	0	0.56325	0.00026741	0.017827	1.2309	0.28924	0.25751
143	0.79654	0	0	0	0	0	0	0	0	0.00080222	0	0	0	0.034585	0.00080222	0.0044568	0.00026741	0	0.40637	0.00017827	0.015242	1.0241	0.22961	0	0	0	0	0	0	0	0	0.00017827	0.00089135	0	0	0	0.035743	0.0010696	0.0042785	0.00035654	0	0.40271	0.00017827	0.012925	1.0116	0.21571	0.14003
144	0.80215	0	0	0	0	0	0	0	0	8.9135e-05	0	0	0	0.01649	0.00017827	0.0017827	0	0	0.25404	8.9135e-05	0.010607	0.82263	0.16945	0	0	0	0	0	0	0	0	0	0.00053481	0	0	0	0.018184	0.00035654	0.0022284	0.00017827	0	0.25341	0	0.0091809	0.7843	0.15652	0.070239
145	0.80776	0	0	0	0	0	0	0	0	0	0	0	0	0.0068634	0.00026741	0.00044568	0	0	0.15554	0	0.0060612	0.64249	0.12194	0	0	0	0	0	0	0	0	0	0	0	0	0	0.0080222	0.00044568	0.00080222	8.9135e-05	0	0.15171	0	0.0054373	0.64044	0.1091	0.031197
146	0.81337	0	0	0	0	0	0	0	0	0	0	0	0	0.0024067	0	0.00044568	0	0	0.089849	0	0.0024958	0.48463	0.086283	0	0	0	0	0	0	0	0	0	0	0	0	0	0.0022284	0	0.00026741	0	0	0.087085	0	0.0028523	0.46529	0.081202	0.011409
147	0.81898	0	0	0	0	0	0	0	0	0	0	0	0	0.0015153	8.9135e-05	8.9135e-05	0	0	0.045103	0	0.0017827	0.36581	0.056334	0	0	0	0	0	0	0	0	0	0	0	0	0	0.00098049	8.9135e-05	8.9135e-05	0	0	0.047063	0	0.00098049	0.35253	0.054194	0.0037437
148	0.82459	0	0	0	0	0	0	0	0	0	0	0	0	0	0	0	0	0	0.028969	0	0.00071308	0.25101	0.037259	0	0	0	0	0	0	0	0	0	0	0	0	0	0.00017827	0	0.00017827	0	0	0.028434	0	0.00062395	0.24931	0.035654	0.00071308
149	0.8302	0	0	0	0	0	0	0	0	0	0	0	0	0.00017827	0	0	0	0	0.01239	0	0.00035654	0.17257	0.023175	0	0	0	0	0	0	0	0	0	0	0	0	0	0	0	0	0	0	0.01337	0	0.00017827	0.1665	0.020947	0
150	0.83581	0	0	0	0	0	0	0	0	0	0	0	0	0	0	0	0	0	0.0057938	0	0.00044568	0.11507	0.015331	0	0	0	0	0	0	0	0	0	0	0	0	0	0	0	0	0	0	0.0047242	0	0.00017827	0.11623	0.012925	0
151	0.84142	0	0	0	0	0	0	0	0	0	0	0	0	0	0	0	0	0	0.0025849	0	8.9135e-05	0.072735	0.0071308	0	0	0	0	0	0	0	0	0	0	0	0	0	0	0	0	0	0	0.0016936	0	8.9135e-05	0.075943	0.0066852	0
152	0.84703	0	0	0	0	0	0	0	0	0	0	0	0	0	0	0	0	0	0.0011588	0	8.9135e-05	0.044746	0.0047242	0	0	0	0	0	0	0	0	0	0	0	0	0	0	0	0	0	0	0.00089135	0	0	0.044389	0.0040111	0
153	0.85264	0	0	0	0	0	0	0	0	0	0	0	0	0	0	0	0	0	0.00017827	0	0	0.024334	0.0018718	0	0	0	0	0	0	0	0	0	0	0	0	0	0	0	0	0	0	0.00044568	0	0	0.024512	0.0014262	0
154	0.85824	0	0	0	0	0	0	0	0	0	0	0	0	0	0	0	0	0	8.9135e-05	0	0	0.013994	0.00080222	0	0	0	0	0	0	0	0	0	0	0	0	0	0	0	0	0	0	8.9135e-05	0	0	0.01542	0.0011588	0
155	0.86385	0	0	0	0	0	0	0	0	0	0	0	0	0	0	0	0	0	0	0	0	0.0067743	0.00026741	0	0	0	0	0	0	0	0	0	0	0	0	0	0	0	0	0	0	0	0	0	0.0077548	0.00053481	0
156	0.86946	0	0	0	0	0	0	0	0	0	0	0	0	0	0	0	0	0	0	0	0	0.0029415	0.00026741	0	0	0	0	0	0	0	0	0	0	0	0	0	0	0	0	0	0	0	0	0	0.0043676	0.00017827	0
157	0.87507	0	0	0	0	0	0	0	0	0	0	0	0	0	0	0	0	0	0	0	0	0.0014262	0	0	0	0	0	0	0	0	0	0	0	0	0	0	0	0	0	0	0	0	0	0	0.0014262	0	0
158	0.88068	0	0	0	0	0	0	0	0	0	0	0	0	0	0	0	0	0	0	0	0	0.00035654	0	0	0	0	0	0	0	0	0	0	0	0	0	0	0	0	0	0	0	0	0	0	0.00071308	0	0
159	0.88629	0	0	0	0	0	0	0	0	0	0	0	0	0	0	0	0	0	0	0	0	0.00035654	0	0	0	0	0	0	0	0	0	0	0	0	0	0	0	0	0	0	0	0	0	0	0	0	0
160	0.8919	0	0	0	0	0	0	0	0	0	0	0	0	0	0	0	0	0	0	0	0	0.00017827	0	0	0	0	0	0	0	0	0	0	0	0	0	0	0	0	0	0	0	0	0	0	0.00017827	0	0
161	0.89751	0	0	0	0	0	0	0	0	0	0	0	0	0	0	0	0	0	0	0	0	0	0	0	0	0	0	0	0	0	0	0	0	0	0	0	0	0	0	0	0	0	0	0	0.00017827	0	0
162	0.90312	0	0	0	0	0	0	0	0	0	0	0	0	0	0	0	0	0	0	0	0	0	0	0	0	0	0	0	0	0	0	0	0	0	0	0	0	0	0	0	0	0	0	0	8.9135e-05	0	0
163	0.90873	0	0	0	0	0	0	0	0	0	0	0	0	0	0	0	0	0	0	0	0	0	0	0	0	0	0	0	0	0	0	0	0	0	0	0	0	0	0	0	0	0	0	0	0	0	0
164	0.91434	0	0	0	0	0	0	0	0	0	0	0	0	0	0	0	0	0	0	0	0	0	0	0	0	0	0	0	0	0	0	0	0	0	0	0	0	0	0	0	0	0	0	0	0	0	0
165	0.91995	0	0	0	0	0	0	0	0	0	0	0	0	0	0	0	0	0	0	0	0	0	0	0	0	0	0	0	0	0	0	0	0	0	0	0	0	0	0	0	0	0	0	0	0	0	0
166	0.92556	0	0	0	0	0	0	0	0	0	0	0	0	0	0	0	0	0	0	0	0	0	0	0	0	0	0	0	0	0	0	0	0	0	0	0	0	0	0	0	0	0	0	0	0	0	0
167	0.93117	0	0	0	0	0	0	0	0	0	0	0	0	0	0	0	0	0	0	0	0	0	0	0	0	0	0	0	0	0	0	0	0	0	0	0	0	0	0	0	0	0	0	0	0	0	0
168	0.93678	0	0	0	0	0	0	0	0	0	0	0	0	0	0	0	0	0	0	0	0	0	0	0	0	0	0	0	0	0	0	0	0	0	0	0	0	0	0	0	0	0	0	0	0	0	0
169	0.94239	0	0	0	0	0	0	0	0	0	0	0	0	0	0	0	0	0	0	0	0	0	0	0	0	0	0	0	0	0	0	0	0	0	0	0	0	0	0	0	0	0	0	0	0	0	0
170	0.948	0	0	0	0	0	0	0	0	0	0	0	0	0	0	0	0	0	0	0	0	0	0	0	0	0	0	0	0	0	0	0	0	0	0	0	0	0	0	0	0	0	0	0	0	0	0
171	0.95361	0	0	0	0	0	0	0	0	0	0	0	0	0	0	0	0	0	0	0	0	0	0	0	0	0	0	0	0	0	0	0	0	0	0	0	0	0	0	0	0	0	0	0	0	0	0
172	0.95921	0	0	0	0	0	0	0	0	0	0	0	0	0	0	0	0	0	0	0	0	0	0	0	0	0	0	0	0	0	0	0	0	0	0	0	0	0	0	0	0	0	0	0	0	0	0
173	0.96482	0	0	0	0	0	0	0	0	0	0	0	0	0	0	0	0	0	0	0	0	0	0	0	0	0	0	0	0	0	0	0	0	0	0	0	0	0	0	0	0	0	0	0	0	0	0
174	0.97043	0	0	0	0	0	0	0	0	0	0	0	0	0	0	0	0	0	0	0	0	0	0	0	0	0	0	0	0	0	0	0	0	0	0	0	0	0	0	0	0	0	0	0	0	0	0
175	0.97604	0	0	0	0	0	0	0	0	0	0	0	0	0	0	0	0	0	0	0	0	0	0	0	0	0	0	0	0	0	0	0	0	0	0	0	0	0	0	0	0	0	0	0	0	0	0
176	0.98165	0	0	0	0	0	0	0	0	0	0	0	0	0	0	0	0	0	0	0	0	0	0	0	0	0	0	0	0	0	0	0	0	0	0	0	0	0	0	0	0	0	0	0	0	0	0
177	0.98726	0	0	0	0	0	0	0	0	0	0	0	0	0	0	0	0	0	0	0	0	0	0	0	0	0	0	0	0	0	0	0	0	0	0	0	0	0	0	0	0	0	0	0	0	0	0
178	0.99287	0	0	0	0	0	0	0	0	0	0	0	0	0	0	0	0	0	0	0	0	0	0	0	0	0	0	0	0	0	0	0	0	0	0	0	0	0	0	0	0	0	0	0	0	0	0
179	0.99848	0	0	0	0	0	0	0	0	0	0	0	0	0	0	0	0	0	0	0	0	0	0	0	0	0	0	0	0	0	0	0	0	0	0	0	0	0	0	0	0	0	0	0	0	0	0
180	1.0041	0	0	0	0	0	0	0	0	0	0	0	0	0	0	0	0	0	0	0	0	0	0	0	0	0	0	0	0	0	0	0	0	0	0	0	0	0	0	0	0	0	0	0	0	0	0
181	1.0097	0	0	0	0	0	0	0	0	0	0	0	0	0	0	0	0	0	0	0	0	0	0	0	0	0	0	0	0	0	0	0	0	0	0	0	0	0	0	0	0	0	0	0	0	0	0
182	1.0153	0	0	0	0	0	0	0	0	0	0	0	0	0	0	0	0	0	0	0	0	0	0	0	0	0	0	0	0	0	0	0	0	0	0	0	0	0	0	0	0	0	0	0	0	0	0
183	1.0209	0	0	0	0	0	0	0	0	0	0	0	0	0	0	0	0	0	0	0	0	0	0	0	0	0	0	0	0	0	0	0	0	0	0	0	0	0	0	0	0	0	0	0	0	0	0
184	1.0265	0	0	0	0	0	0	0	0	0	0	0	0	0	0	0	0	0	0	0	0	0	0	0	0	0	0	0	0	0	0	0	0	0	0	0	0	0	0	0	0	0	0	0	0	0	0
185	1.0321	0	0	0	0	0	0	0	0	0	0	0	0	0	0	0	0	0	0	0	0	0	0	0	0	0	0	0	0	0	0	0	0	0	0	0	0	0	0	0	0	0	0	0	0	0	0
186	1.0377	0	0	0	0	0	0	0	0	0	0	0	0	0	0	0	0	0	0	0	0	0	0	0	0	0	0	0	0	0	0	0	0	0	0	0	0	0	0	0	0	0	0	0	0	0	0
187	1.0434	0	0	0	0	0	0	0	0	0	0	0	0	0	0	0	0	0	0	0	0	0	0	0	0	0	0	0	0	0	0	0	0	0	0	0	0	0	0	0	0	0	0	0	0	0	0
188	1.049	0	0	0	0	0	0	0	0	0	0	0	0	0	0	0	0	0	0	0	0	0	0	0	0	0	0	0	0	0	0	0	0	0	0	0	0	0	0	0	0	0	0	0	0	0	0
189	1.0546	0	0	0	0	0	0	0	0	0	0	0	0	0	0	0	0	0	0	0	0	0	0	0	0	0	0	0	0	0	0	0	0	0	0	0	0	0	0	0	0	0	0	0	0	0	0
190	1.0602	0	0	0	0	0	0	0	0	0	0	0	0	0	0	0	0	0	0	0	0	0	0	0	0	0	0	0	0	0	0	0	0	0	0	0	0	0	0	0	0	0	0	0	0	0	0
191	1.0658	0	0	0	0	0	0	0	0	0	0	0	0	0	0	0	0	0	0	0	0	0	0	0	0	0	0	0	0	0	0	0	0	0	0	0	0	0	0	0	0	0	0	0	0	0	0
192	1.0714	0	0	0	0	0	0	0	0	0	0	0	0	0	0	0	0	0	0	0	0	0	0	0	0	0	0	0	0	0	0	0	0	0	0	0	0	0	0	0	0	0	0	0	0	0	0
193	1.077	0	0	0	0	0	0	0	0	0	0	0	0	0	0	0	0	0	0	0	0	0	0	0	0	0	0	0	0	0	0	0	0	0	0	0	0	0	0	0	0	0	0	0	0	0	0
194	1.0826	0	0	0	0	0	0	0	0	0	0	0	0	0	0	0	0	0	0	0	0	0	0	0	0	0	0	0	0	0	0	0	0	0	0	0	0	0	0	0	0	0	0	0	0	0	0
195	1.0882	0	0	0	0	0	0	0	0	0	0	0	0	0	0	0	0	0	0	0	0	0	0	0	0	0	0	0	0	0	0	0	0	0	0	0	0	0	0	0	0	0	0	0	0	0	0
196	1.0938	0	0	0	0	0	0	0	0	0	0	0	0	0	0	0	0	0	0	0	0	0	0	0	0	0	0	0	0	0	0	0	0	0	0	0	0	0	0	0	0	0	0	0	0	0	0
197	1.0995	0	0	0	0	0	0	0	0	0	0	0	0	0	0	0	0	0	0	0	0	0	0	0	0	0	0	0	0	0	0	0	0	0	0	0	0	0	0	0	0	0	0	0	0	0	0
198	1.1051	0	0	0	0	0	0	0	0	0	0	0	0	0	0	0	0	0	0	0	0	0	0	0	0	0	0	0	0	0	0	0	0	0	0	0	0	0	0	0	0	0	0	0	0	0	0
199	1.1107	0	0	0	0	0	0	0	0	0	0	0	0	0	0	0	0	0	0	0	0	0	0	0	0	0	0	0	0	0	0	0	0	0	0	0	0	0	0	0	0	0	0	0	0	0	0
200	1.1163	0	0	0	0	0	0	0	0	0	0	0	0	0	0	0	0	0	0	0	0	0	0	0	0	0	0	0	0	0	0	0	0	0	0	0	0	0	0	0	0	0	0	0	0	0	0
