1	0	0.00016619	0.0001338	0.00012477	2.476e-05	8.7698e-05	0.00013137	0.00012562	8.9078e-05	3.4023e-05	0.00017205	0.00023907	0.00024264	2.5702e-05	0.00028729	0.00018546	0.00036379	0.00092895	2.1894e-05	0.001042	0.00049111	0.00023898	0.00042887	5.2714e-05	0.00022317	9.4876e-05	8.3177e-05	3.4045e-05	5.8466e-05	0.00013137	0.00010715	8.098e-05	2.977e-05	0.00014117	0.00023472	0.00024264	4.1124e-05	0.00029834	0.00017387	0.00041575	0.0008445	3.6491e-05	0.0011222	0.00058206	0.00018867	0.00034774	1.1296e-05
2	0.011276	0.0013176	0.00091957	0.00079018	0.00023832	0.00077304	0.00097488	0.0007648	0.00051017	0.00043805	0.00093084	0.0016865	0.0016323	0.00023646	0.001663	0.0013851	0.0028713	0.0053626	0.00029922	0.0073643	0.0030467	0.0012075	0.0022139	0.0003577	0.0011728	0.00085145	0.00078424	0.00027546	0.00055542	0.00073635	0.00093845	0.00055876	0.00039977	0.00097496	0.0018821	0.0016896	0.00023646	0.0016795	0.0012461	0.0032481	0.0058411	0.00023354	0.0080557	0.0038743	0.0011446	0.0022719	0.00011672
3	0.022551	0.0033024	0.0023914	0.0020616	0.00047973	0.0017735	0.0023128	0.0024163	0.0013281	0.00111	0.0026822	0.0047509	0.004513	0.00059629	0.0046629	0.0030775	0.0081592	0.015074	0.00075171	0.019959	0.0089673	0.0031696	0.0064099	0.0010392	0.0033356	0.0022405	0.0021745	0.0005633	0.0018482	0.0023923	0.0023572	0.0014293	0.0011908	0.0027131	0.0051508	0.0044778	0.00071452	0.0044695	0.0033904	0.0080488	0.015201	0.0007809	0.019779	0.010495	0.0032073	0.0065722	0.00033135
4	0.033827	0.0067448	0.0047925	0.004046	0.0011885	0.0034365	0.0044423	0.0045334	0.0027412	0.0021307	0.0050865	0.0097323	0.0090879	0.001172	0.0088396	0.0060332	0.016091	0.029473	0.0012188	0.038615	0.016552	0.0062637	0.011707	0.0019203	0.0067045	0.0044349	0.0039569	0.0011204	0.003352	0.004221	0.0046886	0.0025994	0.0021435	0.0054042	0.0097757	0.0086246	0.0014907	0.0084529	0.0062245	0.015487	0.029607	0.0014377	0.039266	0.019344	0.0059241	0.013121	0.00055726
5	0.045102	0.010954	0.007758	0.0064848	0.0017796	0.0056712	0.0074084	0.0078254	0.0044336	0.0034193	0.0082894	0.015522	0.014691	0.0019225	0.014812	0.010061	0.026446	0.047743	0.0021676	0.063434	0.027338	0.0096722	0.019218	0.0031252	0.010921	0.0074368	0.0068591	0.0019004	0.0058238	0.007481	0.0079547	0.0044134	0.0036277	0.008854	0.015892	0.014421	0.0024726	0.014326	0.010565	0.026862	0.048418	0.0025033	0.063634	0.032713	0.0097854	0.020389	0.00087731
6	0.056378	0.016699	0.011392	0.0098624	0.0027391	0.0086302	0.011028	0.01094	0.006527	0.004844	0.01278	0.023542	0.02197	0.0029609	0.021944	0.015382	0.039022	0.07053	0.0032404	0.093723	0.041171	0.014666	0.02732	0.0045711	0.015947	0.011091	0.010145	0.0028474	0.0084743	0.010751	0.01145	0.0066282	0.0054479	0.013627	0.023746	0.021312	0.0034955	0.020265	0.015712	0.039763	0.072325	0.0035396	0.094765	0.047929	0.013873	0.030473	0.0011785
7	0.067653	0.022727	0.015813	0.013873	0.0038069	0.01183	0.015608	0.015669	0.0097419	0.0067621	0.017765	0.032918	0.030162	0.0038194	0.030331	0.021015	0.053749	0.098933	0.0044446	0.13137	0.057114	0.020539	0.039016	0.0066232	0.022677	0.015543	0.014485	0.0036057	0.011898	0.015453	0.016087	0.009175	0.0076212	0.018577	0.032957	0.029765	0.0048269	0.028668	0.022794	0.054561	0.10187	0.0047876	0.13122	0.067573	0.019797	0.042262	0.0013706
8	0.078929	0.030771	0.021491	0.018929	0.004754	0.015461	0.020777	0.020864	0.012653	0.0092458	0.023708	0.042815	0.04067	0.0052021	0.039988	0.028729	0.072595	0.13215	0.0060721	0.1719	0.074221	0.027545	0.052566	0.0086112	0.030239	0.02097	0.01908	0.0053637	0.015964	0.020383	0.02147	0.012106	0.009973	0.024749	0.043854	0.038915	0.0064307	0.037939	0.029013	0.073355	0.13297	0.0062326	0.17179	0.090355	0.026162	0.056646	0.0016756
9	0.090204	0.03932	0.027611	0.023818	0.0065027	0.020249	0.027214	0.027433	0.015896	0.01204	0.030409	0.05566	0.051735	0.0064204	0.051596	0.035996	0.093824	0.16877	0.0076704	0.21843	0.095139	0.03357	0.067809	0.011296	0.039268	0.026716	0.024582	0.0070072	0.020424	0.026975	0.028002	0.015451	0.013307	0.032972	0.057172	0.050588	0.0077518	0.050657	0.036785	0.093649	0.16895	0.008028	0.22044	0.113	0.034501	0.071031	0.0019918
10	0.10148	0.049355	0.034725	0.029688	0.0083844	0.025208	0.034522	0.033659	0.020241	0.015196	0.039228	0.068795	0.065331	0.0081682	0.064502	0.045235	0.11574	0.21015	0.010057	0.27118	0.11881	0.041783	0.082668	0.014003	0.049051	0.033637	0.031099	0.0086104	0.02516	0.033416	0.035299	0.0198	0.016752	0.040384	0.071099	0.064299	0.0098388	0.062303	0.047628	0.11659	0.20947	0.01032	0.26845	0.14073	0.040852	0.089194	0.0024324
11	0.11276	0.060625	0.042612	0.036414	0.010449	0.031143	0.041965	0.041661	0.024363	0.01893	0.047649	0.083844	0.079894	0.010044	0.078082	0.056866	0.13982	0.25223	0.011714	0.3288	0.1467	0.050751	0.10291	0.017584	0.05935	0.040821	0.037828	0.010675	0.030707	0.041101	0.042596	0.024841	0.021107	0.049171	0.087195	0.079157	0.012383	0.077181	0.056704	0.1421	0.25935	0.012706	0.32717	0.17023	0.051078	0.11285	0.0025152
12	0.12403	0.073298	0.051617	0.044521	0.012312	0.037522	0.050027	0.050148	0.030048	0.023297	0.059274	0.10088	0.095369	0.012512	0.093988	0.06764	0.16696	0.30107	0.014771	0.38678	0.176	0.061668	0.12253	0.02083	0.071885	0.048968	0.046089	0.013593	0.037226	0.04909	0.052158	0.030448	0.024671	0.059653	0.1048	0.093936	0.014275	0.092739	0.068829	0.16693	0.30439	0.015348	0.38798	0.20335	0.060788	0.13031	0.003065
13	0.13531	0.085755	0.059911	0.052746	0.015116	0.044343	0.059734	0.05978	0.036947	0.027372	0.068582	0.11856	0.11283	0.015391	0.10992	0.079475	0.19733	0.35422	0.017428	0.45513	0.20436	0.072196	0.14413	0.026048	0.084663	0.058383	0.054624	0.015729	0.04471	0.058099	0.061299	0.035927	0.029851	0.071529	0.12259	0.10976	0.017195	0.10879	0.081428	0.19602	0.35418	0.018413	0.45481	0.23582	0.072523	0.15893	0.0034904
14	0.14658	0.10108	0.070963	0.061275	0.017691	0.052616	0.070416	0.069808	0.042215	0.031641	0.081319	0.13804	0.13249	0.01848	0.12864	0.094625	0.22892	0.40566	0.020501	0.52034	0.23951	0.084472	0.1707	0.030469	0.10033	0.068355	0.063515	0.018657	0.052794	0.069383	0.072013	0.041583	0.034529	0.083635	0.1435	0.12888	0.021446	0.12624	0.09466	0.22937	0.40663	0.021792	0.51711	0.273	0.084761	0.1834	0.0042736
15	0.15786	0.11634	0.082571	0.072284	0.021408	0.061311	0.082222	0.082081	0.048608	0.037489	0.094849	0.15978	0.15235	0.021317	0.14803	0.10822	0.2605	0.46339	0.023719	0.59055	0.27423	0.09759	0.19343	0.035439	0.11631	0.08009	0.073671	0.022615	0.06133	0.079926	0.083818	0.049746	0.041142	0.097496	0.16369	0.14918	0.024571	0.14649	0.11125	0.26154	0.46823	0.025799	0.59276	0.31082	0.097829	0.21332	0.005038
16	0.16913	0.13386	0.095127	0.083893	0.024748	0.071542	0.093101	0.094566	0.057289	0.043635	0.10953	0.18254	0.1731	0.02527	0.16829	0.12314	0.29539	0.52527	0.028397	0.66334	0.31035	0.11195	0.22424	0.041437	0.1328	0.092516	0.085764	0.026555	0.070581	0.091777	0.098545	0.057844	0.046641	0.11159	0.18593	0.1705	0.028869	0.16559	0.12643	0.29484	0.52829	0.030492	0.66696	0.35267	0.11213	0.24135	0.0056291
17	0.18041	0.15303	0.1091	0.096717	0.029233	0.081517	0.10636	0.1092	0.065132	0.050218	0.12391	0.20623	0.19928	0.029696	0.19145	0.14207	0.33618	0.58107	0.033951	0.73534	0.34546	0.12556	0.25553	0.048463	0.15018	0.10554	0.099863	0.030334	0.080773	0.10369	0.11131	0.06682	0.053574	0.1274	0.21237	0.19499	0.033063	0.18856	0.14348	0.33503	0.58545	0.035338	0.73943	0.39643	0.12878	0.27247	0.0067135
18	0.19168	0.17418	0.12364	0.11097	0.034472	0.092314	0.12154	0.12497	0.075595	0.05826	0.14306	0.22843	0.22236	0.034107	0.21162	0.16171	0.37348	0.64716	0.039994	0.81292	0.38789	0.14296	0.28999	0.055327	0.17062	0.11899	0.11249	0.035562	0.091232	0.11889	0.12724	0.075457	0.060995	0.14625	0.23667	0.2187	0.039232	0.21458	0.16343	0.37263	0.65072	0.041038	0.81235	0.44011	0.14257	0.30787	0.0078243
19	0.20296	0.19292	0.13839	0.12517	0.039771	0.10344	0.1358	0.14177	0.084668	0.066298	0.15926	0.25654	0.24945	0.040795	0.23932	0.18193	0.40999	0.70875	0.045387	0.89468	0.42696	0.15923	0.31821	0.063197	0.1902	0.13452	0.1271	0.041591	0.10394	0.13386	0.14359	0.086446	0.071674	0.16261	0.26394	0.2448	0.044187	0.23497	0.18332	0.41251	0.71603	0.048044	0.8936	0.48301	0.1641	0.34276	0.009417
20	0.21424	0.21598	0.15785	0.14086	0.046432	0.11809	0.15365	0.15748	0.09609	0.076173	0.17834	0.28549	0.27631	0.04703	0.26416	0.20253	0.44986	0.77998	0.05378	0.96866	0.47042	0.18147	0.35298	0.072779	0.21501	0.15171	0.14494	0.048719	0.11695	0.15064	0.16087	0.098775	0.079635	0.18355	0.2937	0.27254	0.051291	0.26379	0.20322	0.45042	0.78106	0.054795	0.97164	0.5316	0.18512	0.3794	0.0099329
21	0.22551	0.24028	0.17434	0.15853	0.053501	0.13162	0.17034	0.17861	0.10814	0.084837	0.19969	0.31365	0.30413	0.053877	0.29168	0.22736	0.49279	0.84168	0.060465	1.039	0.51111	0.19921	0.39177	0.083224	0.23874	0.16903	0.16184	0.05537	0.13228	0.16857	0.17856	0.11059	0.089604	0.20539	0.32348	0.30118	0.05947	0.29218	0.2275	0.49487	0.8435	0.063735	1.0461	0.57745	0.20315	0.42059	0.012211
22	0.23679	0.26528	0.19381	0.17669	0.060743	0.14648	0.18836	0.19815	0.12265	0.097361	0.22219	0.34489	0.334	0.062076	0.31907	0.25086	0.53683	0.91112	0.069413	1.1193	0.55533	0.2223	0.42857	0.095243	0.26351	0.18915	0.18049	0.063315	0.1468	0.18555	0.20102	0.12369	0.10172	0.22681	0.35553	0.32886	0.067869	0.31569	0.2515	0.53829	0.91072	0.072843	1.1273	0.62322	0.22656	0.45724	0.014888
23	0.24806	0.2916	0.21544	0.19695	0.070112	0.16243	0.20822	0.22006	0.13739	0.10893	0.24385	0.37883	0.36554	0.070655	0.34812	0.27528	0.57579	0.97425	0.079251	1.1923	0.59795	0.23932	0.46503	0.10849	0.29005	0.20783	0.20104	0.07251	0.16348	0.2041	0.22226	0.13927	0.11294	0.25006	0.3862	0.36242	0.077616	0.34907	0.27895	0.57902	0.97777	0.082754	1.1955	0.67127	0.24759	0.49431	0.016774
24	0.25934	0.3201	0.23778	0.21714	0.080347	0.17973	0.23029	0.24299	0.15253	0.12109	0.27052	0.41085	0.39782	0.081548	0.37822	0.30399	0.62426	1.0379	0.090308	1.2628	0.65122	0.26494	0.50504	0.12253	0.31957	0.23038	0.22286	0.081823	0.18342	0.22779	0.24577	0.15514	0.12595	0.27487	0.42059	0.39321	0.086874	0.37655	0.30496	0.63156	1.0418	0.094416	1.268	0.71966	0.27158	0.53928	0.019651
25	0.27061	0.34829	0.26176	0.24239	0.092303	0.20073	0.25193	0.26718	0.17054	0.13663	0.29575	0.44417	0.43159	0.09297	0.41072	0.33154	0.66181	1.1039	0.10382	1.3329	0.69964	0.28813	0.54544	0.13784	0.3477	0.25381	0.24622	0.094689	0.20089	0.2496	0.26998	0.17232	0.14132	0.30277	0.45517	0.42568	0.09936	0.40809	0.33109	0.67675	1.1025	0.10606	1.3402	0.76689	0.301	0.58124	0.023367
26	0.28189	0.38297	0.28726	0.26598	0.10395	0.2212	0.27531	0.29276	0.18851	0.1512	0.32246	0.47823	0.46656	0.1058	0.44352	0.36288	0.70951	1.1654	0.11889	1.3971	0.74339	0.31496	0.5916	0.153	0.38054	0.27809	0.27193	0.10717	0.22409	0.27183	0.29624	0.19259	0.15994	0.33274	0.49077	0.46005	0.11227	0.44356	0.36205	0.71686	1.1659	0.12139	1.4064	0.8139	0.32532	0.62249	0.027313
27	0.29316	0.41383	0.31417	0.29312	0.11816	0.24281	0.29914	0.3235	0.21088	0.17088	0.35401	0.51569	0.50622	0.12007	0.47793	0.39258	0.75833	1.226	0.13265	1.4646	0.79464	0.33925	0.63269	0.17245	0.41318	0.30545	0.29661	0.12066	0.24601	0.29764	0.3266	0.21351	0.17764	0.36123	0.52719	0.49691	0.12716	0.47277	0.39411	0.76477	1.2265	0.13682	1.4724	0.85645	0.3574	0.67205	0.031994
28	0.30444	0.44785	0.34177	0.322	0.13365	0.26944	0.32724	0.35175	0.23447	0.1903	0.38737	0.55114	0.53852	0.13648	0.51206	0.42985	0.80406	1.2845	0.14926	1.5203	0.84607	0.37046	0.67221	0.19401	0.44657	0.33425	0.32633	0.13746	0.27004	0.3235	0.35613	0.23602	0.19611	0.39166	0.56684	0.5359	0.14406	0.51085	0.42404	0.80721	1.2768	0.15212	1.5285	0.90679	0.38366	0.7063	0.03684
29	0.31572	0.48181	0.37481	0.35175	0.15243	0.29125	0.35305	0.38321	0.25841	0.21144	0.41987	0.59358	0.57846	0.15451	0.54573	0.46119	0.84373	1.3432	0.16938	1.5808	0.88553	0.39981	0.71861	0.21516	0.48315	0.36301	0.3597	0.154	0.29687	0.3534	0.38864	0.26175	0.21753	0.42373	0.60698	0.57279	0.1623	0.54466	0.46125	0.85447	1.3342	0.17408	1.5801	0.95702	0.41465	0.76007	0.042958
30	0.32699	0.52113	0.40666	0.38465	0.17376	0.3214	0.38259	0.41637	0.28437	0.23341	0.45435	0.63379	0.6161	0.17487	0.58537	0.49592	0.89124	1.392	0.18844	1.6337	0.93745	0.4336	0.76895	0.23847	0.51962	0.39556	0.3919	0.17391	0.32408	0.38265	0.42035	0.28761	0.24071	0.4607	0.64361	0.61292	0.1831	0.58218	0.49725	0.89587	1.3876	0.19354	1.6404	0.99526	0.44639	0.80312	0.051622
31	0.33827	0.55759	0.4397	0.42145	0.19452	0.34951	0.41671	0.45477	0.31266	0.26035	0.48952	0.67313	0.65729	0.19679	0.6249	0.53464	0.94076	1.4389	0.21127	1.6867	0.9869	0.46739	0.80987	0.2647	0.55929	0.43048	0.42451	0.19531	0.35503	0.41144	0.45791	0.3174	0.26567	0.49727	0.68734	0.6562	0.20459	0.62246	0.53639	0.94394	1.4328	0.21509	1.6902	1.0419	0.482	0.85412	0.059115
32	0.34954	0.59761	0.47489	0.45669	0.21828	0.381	0.4498	0.49094	0.34515	0.28838	0.52796	0.72004	0.69754	0.22219	0.66147	0.57594	0.98022	1.4877	0.2354	1.7187	1.0368	0.49647	0.85114	0.29542	0.6011	0.46602	0.46417	0.22191	0.38541	0.44721	0.49458	0.34692	0.29127	0.53321	0.73119	0.69524	0.23023	0.66352	0.57189	0.98505	1.491	0.24051	1.7355	1.0889	0.51499	0.89767	0.069146
33	0.36082	0.64146	0.51459	0.49296	0.24433	0.41564	0.47898	0.53193	0.38172	0.32126	0.56529	0.76349	0.74244	0.24697	0.70213	0.61666	1.0211	1.5323	0.2657	1.7674	1.0734	0.53376	0.89639	0.32468	0.64035	0.50565	0.5019	0.24817	0.42119	0.48292	0.53389	0.38173	0.32333	0.57314	0.77316	0.73975	0.25745	0.6993	0.61513	1.0334	1.5294	0.26725	1.7684	1.1253	0.54775	0.94181	0.08011
34	0.37209	0.68557	0.55575	0.53549	0.27334	0.4498	0.51869	0.57163	0.41616	0.35093	0.61246	0.80707	0.78337	0.27914	0.74166	0.66152	1.068	1.5669	0.29318	1.7997	1.1193	0.56568	0.94434	0.3568	0.68697	0.54365	0.54296	0.27583	0.45893	0.52143	0.57715	0.42011	0.35567	0.61789	0.82012	0.78372	0.28508	0.74077	0.65801	1.0744	1.5696	0.29823	1.8015	1.1699	0.59066	0.97773	0.093455
35	0.38337	0.72887	0.60057	0.5763	0.30597	0.4879	0.55564	0.61325	0.45844	0.38695	0.65365	0.85171	0.82687	0.31131	0.78099	0.70412	1.1157	1.611	0.33061	1.8236	1.1646	0.60845	0.99404	0.39349	0.73055	0.58796	0.58467	0.3117	0.4957	0.56044	0.61946	0.45826	0.3937	0.66212	0.86403	0.82715	0.31851	0.78046	0.69968	1.1191	1.5965	0.32837	1.8271	1.2125	0.62934	1.0293	0.10792
36	0.39464	0.77428	0.6441	0.62264	0.34032	0.52984	0.59916	0.65962	0.49576	0.42524	0.70009	0.90124	0.87752	0.34462	0.82429	0.75105	1.1554	1.6401	0.36135	1.8428	1.2084	0.64799	1.0309	0.43477	0.77658	0.63515	0.63109	0.34308	0.537	0.60225	0.66453	0.49902	0.43206	0.70349	0.91148	0.87471	0.3516	0.8231	0.74498	1.1567	1.64	0.36574	1.8468	1.2509	0.66676	1.075	0.12595
37	0.40592	0.82311	0.6933	0.66997	0.37986	0.5702	0.64155	0.70896	0.53908	0.46635	0.74504	0.94758	0.92257	0.3855	0.86737	0.79877	1.2012	1.6631	0.3992	1.8648	1.2587	0.69405	1.0876	0.4744	0.82568	0.68392	0.6787	0.38079	0.57888	0.64359	0.70896	0.54524	0.47213	0.75422	0.95634	0.92526	0.38993	0.86515	0.79248	1.2006	1.6628	0.39825	1.8673	1.2863	0.71326	1.119	0.14351
38	0.4172	0.87273	0.74194	0.7179	0.42056	0.61655	0.68766	0.7578	0.58871	0.50951	0.79549	0.99363	0.96723	0.42675	0.91096	0.84549	1.2407	1.6972	0.44086	1.8866	1.2929	0.73591	1.1295	0.5185	0.87246	0.73226	0.72744	0.42213	0.62576	0.69093	0.75892	0.59225	0.5147	0.80463	1.0052	0.97035	0.43005	0.91077	0.84165	1.2421	1.6917	0.44081	1.88	1.32	0.75412	1.165	0.16753
39	0.42847	0.92343	0.79744	0.76877	0.46441	0.66243	0.73305	0.80962	0.63641	0.55726	0.84708	1.0408	1.0162	0.47336	0.95599	0.89917	1.274	1.7127	0.48272	1.8817	1.3338	0.7764	1.1703	0.56749	0.92666	0.78519	0.77746	0.46704	0.67394	0.73879	0.81221	0.64478	0.56475	0.85453	1.0539	1.0158	0.47409	0.95773	0.89594	1.2856	1.7092	0.48235	1.8847	1.3547	0.79652	1.2077	0.19333
40	0.43975	0.97893	0.84895	0.82538	0.51055	0.71279	0.7779	0.86413	0.68834	0.60707	0.89744	1.0933	1.068	0.51993	1.0038	0.95208	1.3141	1.7333	0.52764	1.8909	1.3758	0.82647	1.2216	0.61787	0.97955	0.83941	0.83642	0.51367	0.72563	0.78718	0.86559	0.69585	0.61246	0.90595	1.0994	1.0668	0.52484	1.0034	0.94579	1.3177	1.7351	0.53376	1.8935	1.3923	0.84521	1.2512	0.22172
41	0.45102	1.0299	0.90659	0.87924	0.56131	0.76384	0.83293	0.919	0.74102	0.66582	0.95531	1.1404	1.121	0.56835	1.0501	1.003	1.3532	1.7479	0.57726	1.8917	1.4163	0.87459	1.2658	0.67216	1.0338	0.89823	0.89085	0.56383	0.77738	0.83973	0.92195	0.75267	0.66713	0.96228	1.1506	1.1165	0.57289	1.0521	0.99828	1.3563	1.7415	0.57784	1.8851	1.4266	0.88831	1.2919	0.24918
42	0.4623	1.0885	0.96666	0.93916	0.6165	0.82028	0.88635	0.97367	0.8043	0.7205	1.01	1.1916	1.1683	0.62243	1.0971	1.0594	1.3892	1.7562	0.63497	1.8828	1.4533	0.91322	1.3092	0.73152	1.0898	0.95704	0.95191	0.61956	0.82989	0.89321	0.98181	0.80968	0.72143	1.0163	1.1954	1.1711	0.62889	1.0965	1.0504	1.3913	1.7596	0.63134	1.8906	1.4675	0.94753	1.3407	0.28322
43	0.47357	1.1407	1.0275	0.99731	0.67577	0.88026	0.94453	1.0371	0.86727	0.78006	1.0679	1.2406	1.2223	0.68266	1.1491	1.1157	1.4288	1.7681	0.68465	1.8775	1.4882	0.97081	1.3577	0.79137	1.1478	1.0177	1.0074	0.67952	0.88914	0.9505	1.0416	0.87291	0.78421	1.0788	1.256	1.2185	0.67998	1.1513	1.1086	1.4299	1.7641	0.68912	1.8724	1.4962	0.98837	1.3767	0.31703
44	0.48485	1.2014	1.0904	1.0589	0.74002	0.94101	0.99871	1.1	0.9348	0.84833	1.1273	1.2938	1.2705	0.74312	1.199	1.1637	1.4595	1.7683	0.74661	1.8607	1.5209	1.0281	1.399	0.85118	1.2028	1.0814	1.0682	0.73606	0.95141	1.0072	1.1025	0.93744	0.84641	1.1332	1.3025	1.2699	0.74015	1.1941	1.1681	1.4665	1.7664	0.74416	1.8633	1.5184	1.0385	1.4168	0.35702
45	0.49612	1.2624	1.1563	1.1244	0.80394	1.0045	1.059	1.1657	0.99678	0.91057	1.1892	1.3414	1.3188	0.80675	1.2506	1.2259	1.5014	1.7727	0.80653	1.8435	1.5569	1.0769	1.4347	0.92046	1.266	1.1465	1.1335	0.80346	1.0155	1.0654	1.1661	1.0086	0.91353	1.198	1.3542	1.3271	0.80798	1.2436	1.2196	1.501	1.7722	0.8067	1.8487	1.5528	1.0951	1.4549	0.40176
46	0.5074	1.3225	1.2215	1.1874	0.87619	1.0694	1.1256	1.2246	1.0723	0.9821	1.2545	1.3926	1.3788	0.87473	1.2967	1.2879	1.5376	1.7715	0.87737	1.8181	1.591	1.1299	1.4725	0.99199	1.323	1.2155	1.1964	0.87492	1.0814	1.1322	1.2315	1.0819	0.98764	1.2577	1.4041	1.3785	0.87294	1.3011	1.2844	1.5396	1.7723	0.87558	1.8211	1.5779	1.1466	1.4971	0.45262
47	0.51868	1.3829	1.2882	1.2571	0.94892	1.1357	1.1862	1.2943	1.1417	1.0581	1.3168	1.4475	1.4298	0.9471	1.3526	1.3466	1.5699	1.7613	0.94441	1.8023	1.6264	1.1837	1.5151	1.0648	1.3863	1.2855	1.2615	0.94527	1.1477	1.1917	1.3004	1.1515	1.0603	1.3238	1.4556	1.4321	0.94874	1.3483	1.3419	1.5714	1.7709	0.94875	1.7957	1.6123	1.2033	1.5378	0.50598
48	0.52995	1.4473	1.3581	1.3212	1.0247	1.2055	1.2507	1.3607	1.2205	1.1346	1.3838	1.4904	1.4795	1.0267	1.4037	1.4043	1.6021	1.7569	1.0252	1.7698	1.6605	1.2497	1.5596	1.1406	1.4474	1.3581	1.3291	1.0231	1.2199	1.2579	1.3625	1.2262	1.1369	1.3864	1.504	1.4854	1.0213	1.4049	1.4019	1.6005	1.7615	1.018	1.7686	1.6287	1.2481	1.5662	0.56662
49	0.54123	1.506	1.4312	1.394	1.1018	1.2775	1.3236	1.4301	1.2987	1.2127	1.449	1.5466	1.5373	1.1031	1.4605	1.462	1.626	1.7518	1.0967	1.7418	1.679	1.3029	1.5991	1.2153	1.5115	1.4238	1.4005	1.0997	1.2904	1.3243	1.4343	1.3045	1.2096	1.4548	1.5531	1.5386	1.0972	1.4552	1.457	1.634	1.7577	1.0921	1.7432	1.6579	1.3203	1.609	0.63143
50	0.5525	1.5706	1.497	1.4593	1.1859	1.3499	1.3868	1.4982	1.3779	1.2909	1.5127	1.5952	1.5843	1.1768	1.5082	1.5258	1.6631	1.7339	1.1701	1.7162	1.7025	1.3633	1.6316	1.2934	1.5707	1.4948	1.4675	1.1834	1.3621	1.39	1.4996	1.3789	1.2915	1.511	1.604	1.5839	1.178	1.5104	1.5203	1.659	1.7428	1.1639	1.7139	1.6776	1.3699	1.6327	0.69531
51	0.56378	1.6282	1.5671	1.529	1.2681	1.4252	1.4554	1.5687	1.4566	1.3735	1.5755	1.6468	1.6336	1.2614	1.5639	1.5813	1.6971	1.7254	1.2505	1.6819	1.7345	1.4263	1.6615	1.3731	1.6342	1.5702	1.5292	1.2621	1.433	1.4583	1.5736	1.4619	1.3731	1.5803	1.6464	1.6368	1.2579	1.5536	1.5812	1.698	1.7243	1.2519	1.6776	1.7026	1.4272	1.6614	0.7593
52	0.57505	1.6894	1.6419	1.5935	1.3573	1.4975	1.5267	1.6381	1.5369	1.4547	1.6452	1.6962	1.6798	1.3405	1.6116	1.6404	1.7135	1.7088	1.3387	1.6444	1.7589	1.4873	1.6964	1.4547	1.69	1.6373	1.6013	1.3517	1.5092	1.5233	1.6437	1.5344	1.4544	1.6436	1.6943	1.6938	1.3342	1.6159	1.6404	1.7214	1.7106	1.3387	1.6383	1.7298	1.4787	1.6871	0.83023
53	0.58633	1.7447	1.7093	1.6621	1.4433	1.5768	1.5941	1.7113	1.6191	1.5351	1.713	1.7365	1.7302	1.424	1.6619	1.6955	1.7382	1.6872	1.4207	1.6161	1.7764	1.5415	1.7243	1.5384	1.753	1.7084	1.6642	1.4405	1.5844	1.5964	1.7076	1.6205	1.5361	1.7102	1.7413	1.7399	1.4153	1.6572	1.6945	1.7465	1.6976	1.4237	1.6014	1.7384	1.5496	1.7174	0.89999
54	0.5976	1.8059	1.78	1.733	1.5321	1.654	1.6681	1.769	1.704	1.6263	1.7836	1.7819	1.7724	1.5115	1.7042	1.7528	1.7667	1.6682	1.5117	1.5587	1.7934	1.6024	1.7492	1.6236	1.8089	1.7778	1.7353	1.5277	1.6546	1.6692	1.7722	1.6987	1.615	1.7721	1.7835	1.7838	1.509	1.7156	1.7525	1.7684	1.6827	1.5087	1.5571	1.7566	1.6068	1.7378	0.98409
55	0.60888	1.8647	1.8432	1.7949	1.6252	1.7243	1.738	1.8412	1.7865	1.7085	1.837	1.8277	1.8266	1.5969	1.7608	1.804	1.7895	1.6526	1.6053	1.5254	1.8185	1.6685	1.784	1.7121	1.8653	1.8488	1.8007	1.6174	1.7328	1.7344	1.8365	1.7908	1.7055	1.8364	1.8274	1.8304	1.6013	1.7594	1.8086	1.7927	1.6601	1.594	1.5179	1.7681	1.6621	1.7593	1.0746
56	0.62016	1.9143	1.9124	1.866	1.7192	1.8006	1.8045	1.9106	1.8669	1.7943	1.9055	1.8706	1.8707	1.6948	1.8063	1.8624	1.8057	1.6215	1.6849	1.4787	1.8255	1.73	1.8004	1.7946	1.9181	1.9187	1.8626	1.7166	1.8089	1.8047	1.9066	1.8681	1.7909	1.8999	1.8692	1.8765	1.6815	1.806	1.858	1.8095	1.6291	1.6817	1.4733	1.7738	1.7173	1.7858	1.1697
57	0.63143	1.9633	1.9803	1.9263	1.8177	1.8854	1.8715	1.9703	1.9495	1.881	1.9554	1.9012	1.9063	1.774	1.8513	1.9119	1.8278	1.6017	1.7865	1.435	1.8319	1.7873	1.8206	1.876	1.965	1.9845	1.9236	1.8096	1.8816	1.8704	1.967	1.9463	1.8775	1.9566	1.9008	1.9132	1.771	1.8492	1.9113	1.8321	1.6	1.7774	1.4322	1.7895	1.7796	1.8065	1.266
58	0.64271	2.0122	2.0403	1.9822	1.9116	1.9542	1.9398	2.0308	2.0285	1.963	2.0159	1.9426	1.9482	1.8726	1.8929	1.9584	1.8436	1.5654	1.8763	1.3897	1.8489	1.8462	1.8402	1.9596	2.0124	2.0453	1.9866	1.9071	1.9565	1.9388	2.0288	2.03	1.9584	2.0139	1.9371	1.9541	1.8687	1.8973	1.9583	1.8417	1.5726	1.8754	1.3855	1.79	1.8386	1.8182	1.3654
59	0.65398	2.0553	2.0947	2.0456	2.0045	2.028	2.0019	2.0912	2.1043	2.038	2.0705	1.9752	1.9812	1.9578	1.9361	2.001	1.8462	1.5304	1.9657	1.3453	1.8499	1.9099	1.8544	2.0433	2.0585	2.1026	2.0377	2.0027	2.0285	2.0005	2.0816	2.1008	2.0469	2.0682	1.9677	1.9858	1.949	1.9393	2.0027	1.849	1.5449	1.9571	1.334	1.8004	1.9044	1.8333	1.4785
60	0.66526	2.0971	2.15	2.1018	2.0931	2.0954	2.0645	2.1421	2.1811	2.1181	2.121	2.0001	2.0119	2.0442	1.9722	2.04	1.8592	1.5093	2.0608	1.2977	1.8448	1.9711	1.8573	2.1204	2.093	2.1624	2.0972	2.0926	2.0945	2.0692	2.1392	2.173	2.1123	2.1176	1.9947	2.0182	2.0425	1.975	2.0437	1.8561	1.5054	2.0601	1.2954	1.7909	1.9592	1.8284	1.581
61	0.67653	2.1288	2.2025	2.147	2.1853	2.1617	2.1228	2.1916	2.2421	2.1888	2.1637	2.0301	2.035	2.1293	2.0134	2.079	1.8614	1.4703	2.1525	1.2528	1.8349	2.0218	1.872	2.1989	2.1299	2.2101	2.1436	2.1804	2.1625	2.1248	2.1895	2.2437	2.1904	2.1654	2.0215	2.046	2.1256	2.0064	2.0837	1.8632	1.469	2.1491	1.2486	1.791	2.0013	1.8337	1.6916
62	0.68781	2.1529	2.2401	2.1903	2.2793	2.2254	2.1824	2.2324	2.3071	2.2662	2.2058	2.0495	2.0648	2.2136	2.0361	2.1103	1.8601	1.4302	2.234	1.197	1.8326	2.0665	1.8735	2.2669	2.1552	2.2516	2.1876	2.2718	2.2221	2.1759	2.2288	2.3061	2.2592	2.1984	2.0401	2.0676	2.2119	2.0339	2.1101	1.8635	1.4288	2.2302	1.1957	1.7873	2.0536	1.8426	1.8059
63	0.69908	2.1814	2.279	2.2317	2.3525	2.2809	2.2305	2.2739	2.3681	2.3254	2.238	2.056	2.0825	2.2932	2.0565	2.1391	1.8523	1.3941	2.3193	1.1489	1.8218	2.1164	1.8683	2.3357	2.1739	2.2889	2.231	2.3521	2.278	2.2312	2.2651	2.3658	2.3237	2.2339	2.0538	2.085	2.2862	2.0622	2.131	1.8517	1.3903	2.3174	1.1493	1.7704	2.097	1.8362	1.9297
64	0.71036	2.1964	2.3127	2.2652	2.4348	2.3341	2.2755	2.3054	2.4163	2.3813	2.2678	2.0663	2.0944	2.3677	2.0778	2.1601	1.8484	1.3492	2.3985	1.0999	1.8006	2.1623	1.8691	2.3971	2.1937	2.3219	2.2611	2.4289	2.323	2.2776	2.2985	2.4162	2.3807	2.2635	2.06	2.0957	2.3611	2.0867	2.1624	1.8478	1.3501	2.3921	1.0842	1.7535	2.1529	1.8305	2.0534
65	0.72163	2.2042	2.3369	2.2945	2.5082	2.38	2.3182	2.3238	2.461	2.4411	2.2851	2.0749	2.1017	2.4358	2.0924	2.1845	1.8334	1.3028	2.4603	1.0467	1.7858	2.2014	1.8607	2.4523	2.2056	2.3424	2.2872	2.5021	2.3773	2.3146	2.3265	2.4616	2.4319	2.2779	2.0647	2.1041	2.4296	2.1019	2.1723	1.8196	1.297	2.4623	1.0404	1.7313	2.1871	1.8205	2.1794
66	0.73291	2.2074	2.3514	2.3135	2.5712	2.425	2.3493	2.3409	2.4964	2.4813	2.3003	2.0696	2.1031	2.5032	2.1041	2.1772	1.8137	1.2536	2.5319	0.98885	1.7511	2.2347	1.8458	2.4971	2.2	2.3621	2.3075	2.5688	2.4134	2.3443	2.3415	2.4954	2.4767	2.2928	2.0645	2.0996	2.5002	2.1082	2.1806	1.8048	1.2517	2.5461	0.99215	1.7037	2.2258	1.8061	2.3108
67	0.74419	2.2018	2.3543	2.3298	2.6261	2.4526	2.372	2.3517	2.5218	2.5224	2.3111	2.0585	2.0972	2.5676	2.1073	2.1892	1.7884	1.2121	2.5987	0.9381	1.7187	2.2731	1.8377	2.5357	2.1969	2.3704	2.3227	2.6256	2.4436	2.3737	2.3438	2.5192	2.5211	2.2915	2.0513	2.0864	2.5603	2.1165	2.1876	1.7724	1.2037	2.5972	0.93626	1.6599	2.2463	1.7907	2.4521
68	0.75546	2.1885	2.3526	2.3377	2.6775	2.4773	2.3917	2.347	2.5308	2.5477	2.2956	2.0457	2.0711	2.6128	2.1121	2.1762	1.7545	1.1602	2.6469	0.88775	1.6759	2.2861	1.8101	2.5705	2.183	2.3659	2.3214	2.677	2.4681	2.387	2.3415	2.5353	2.5493	2.2862	2.0287	2.0786	2.6088	2.1049	2.1859	1.7464	1.1575	2.6412	0.87822	1.6327	2.2694	1.7687	2.5828
69	0.76674	2.1625	2.3388	2.331	2.7121	2.4861	2.39	2.3337	2.5383	2.5725	2.2806	2.0264	2.0499	2.6542	2.0919	2.166	1.7185	1.1006	2.6951	0.83557	1.6388	2.2974	1.7853	2.5886	2.1632	2.3495	2.3253	2.7096	2.4733	2.3946	2.3297	2.5355	2.563	2.272	1.9992	2.0554	2.6482	2.0944	2.1677	1.7056	1.1	2.6875	0.83136	1.5791	2.2788	1.7431	2.7066
70	0.77801	2.1328	2.3099	2.3157	2.732	2.4935	2.3871	2.3204	2.5355	2.5763	2.2562	1.9895	2.0239	2.6809	2.0683	2.1471	1.6657	1.0488	2.7182	0.78362	1.5837	2.3071	1.7637	2.6005	2.1266	2.326	2.3062	2.7406	2.476	2.3862	2.3041	2.5314	2.5696	2.2409	1.9719	2.0272	2.6801	2.0676	2.1502	1.6561	1.0565	2.7132	0.78337	1.5272	2.2806	1.7162	2.8396
71	0.78929	2.0885	2.2765	2.297	2.7462	2.4756	2.3759	2.2769	2.5151	2.5705	2.2237	1.955	1.9832	2.7013	2.0421	2.11	1.6189	1.0002	2.7338	0.73103	1.5356	2.2945	1.718	2.5951	2.0817	2.2938	2.2838	2.7427	2.4619	2.3769	2.2697	2.4998	2.5625	2.2101	1.9349	1.9798	2.6972	2.0421	2.1157	1.6067	0.98667	2.7361	0.72872	1.4709	2.2747	1.6713	2.9589
72	0.80056	2.0345	2.2325	2.2615	2.7451	2.4608	2.3472	2.2302	2.4816	2.5568	2.1712	1.8962	1.9269	2.7001	2.0046	2.0733	1.56	0.93604	2.7367	0.67894	1.471	2.2808	1.6727	2.5784	2.0323	2.2389	2.248	2.7461	2.4404	2.35	2.234	2.4743	2.5497	2.16	1.8832	1.9336	2.7015	2.0062	2.0768	1.5507	0.93136	2.7278	0.6792	1.4176	2.2675	1.6367	3.0609
73	0.81184	1.9673	2.1725	2.2219	2.7285	2.4152	2.3079	2.1716	2.4254	2.5204	2.1199	1.8403	1.8735	2.6915	1.9594	2.0206	1.4927	0.8802	2.7183	0.62519	1.4009	2.2517	1.6295	2.5466	1.971	2.1843	2.2046	2.7246	2.4032	2.3031	2.1669	2.4162	2.516	2.1062	1.8236	1.8729	2.6894	1.9568	2.0315	1.4886	0.87392	2.715	0.62775	1.3494	2.2354	1.5854	3.1635
74	0.82311	1.9003	2.1032	2.1661	2.6883	2.37	2.2577	2.1031	2.3657	2.4805	2.0441	1.7759	1.8069	2.6736	1.9023	1.9606	1.4219	0.81302	2.6883	0.58099	1.3237	2.215	1.5717	2.5011	1.8946	2.1164	2.15	2.6871	2.352	2.2556	2.0977	2.3529	2.4691	2.0372	1.7568	1.8038	2.6652	1.8975	1.9714	1.4183	0.80943	2.6854	0.57543	1.2913	2.1904	1.5395	3.2342
75	0.83439	1.8197	2.0183	2.0911	2.6325	2.2999	2.1936	2.0205	2.2834	2.4147	1.9546	1.702	1.7288	2.6289	1.8325	1.8929	1.3518	0.75744	2.6385	0.52744	1.2494	2.1598	1.5254	2.4362	1.8175	2.0311	2.0767	2.6327	2.2818	2.1852	2.0068	2.2768	2.4127	1.9491	1.6764	1.7249	2.6177	1.8343	1.8975	1.3389	0.74859	2.6303	0.52648	1.2032	2.1479	1.4822	3.3023
76	0.84567	1.7212	1.9221	2.0116	2.5554	2.2143	2.1068	1.915	2.1884	2.3401	1.8664	1.6102	1.6393	2.5669	1.7595	1.8232	1.2631	0.69126	2.5637	0.47652	1.1689	2.1079	1.4603	2.3598	1.7232	1.9356	1.9994	2.5562	2.2031	2.1045	1.916	2.1774	2.34	1.8598	1.5937	1.6371	2.5603	1.7645	1.818	1.2587	0.69088	2.5736	0.4781	1.1295	2.081	1.4212	3.3374
77	0.85694	1.6247	1.8124	1.9148	2.4597	2.1113	2.0079	1.804	2.0751	2.2494	1.7559	1.5097	1.5397	2.4811	1.6686	1.7279	1.1727	0.62905	2.4814	0.43161	1.0728	2.0147	1.3899	2.2616	1.618	1.8199	1.9007	2.4606	2.1	2.0081	1.7978	2.0643	2.2434	1.7493	1.4911	1.5339	2.4771	1.6698	1.733	1.1694	0.62559	2.4786	0.43518	1.0383	2.0118	1.3579	3.3692
78	0.86822	1.5118	1.6909	1.8065	2.34	1.9936	1.894	1.6815	1.9387	2.1386	1.6323	1.4058	1.4238	2.3927	1.566	1.6289	1.0807	0.56869	2.3601	0.38512	0.98939	1.9186	1.3123	2.142	1.5109	1.6975	1.7928	2.3442	1.9769	1.8916	1.6806	1.933	2.1323	1.6263	1.3786	1.4291	2.386	1.5758	1.625	1.0717	0.56545	2.3669	0.38629	0.95123	1.9085	1.2775	3.3644
79	0.87949	1.3869	1.554	1.6853	2.2057	1.847	1.7567	1.5433	1.7992	2.0173	1.499	1.2834	1.3114	2.2585	1.4623	1.5195	0.97569	0.50945	2.2252	0.33935	0.89325	1.8102	1.2327	2.0011	1.3903	1.5629	1.6704	2.2062	1.8352	1.7607	1.5372	1.7899	2.0047	1.4918	1.2678	1.3127	2.2624	1.466	1.5194	0.97283	0.50641	2.2218	0.34354	0.85954	1.8029	1.1975	3.3307
80	0.89077	1.2606	1.408	1.5444	2.0353	1.6985	1.6161	1.3888	1.6323	1.8643	1.3553	1.1588	1.1766	2.1177	1.3459	1.4002	0.87299	0.44411	2.0645	0.30039	0.79048	1.6865	1.1374	1.8412	1.2617	1.411	1.5333	2.0373	1.6851	1.6087	1.3903	1.6269	1.8596	1.3422	1.1394	1.1771	2.1134	1.3443	1.3989	0.86612	0.44329	2.0665	0.29933	0.76433	1.6722	1.1004	3.2533
81	0.90204	1.1233	1.2467	1.3945	1.8463	1.5197	1.443	1.2321	1.4543	1.6931	1.2007	1.0242	1.0442	1.9397	1.2106	1.2568	0.76372	0.38629	1.8703	0.25827	0.69378	1.5303	1.0358	1.6593	1.1236	1.2532	1.3831	1.8463	1.5093	1.443	1.2251	1.4474	1.6944	1.194	1.0131	1.0462	1.9425	1.2127	1.2671	0.75828	0.38301	1.868	0.2575	0.67027	1.5187	1.0054	3.1164
82	0.91332	0.98096	1.0795	1.2239	1.6298	1.3278	1.2677	1.0686	1.2639	1.5179	1.0388	0.88742	0.90262	1.744	1.0677	1.1237	0.65505	0.32921	1.6502	0.21811	0.59338	1.3734	0.92416	1.4604	0.97877	1.0905	1.2229	1.6341	1.3202	1.2634	1.0604	1.2596	1.5042	1.0338	0.87394	0.90328	1.7359	1.0698	1.1273	0.65229	0.32594	1.6574	0.22062	0.57343	1.3617	0.90331	2.9317
83	0.92459	0.83205	0.9137	1.0556	1.3989	1.1246	1.0779	0.89197	1.0648	1.3048	0.87668	0.74279	0.76134	1.5184	0.91559	0.96285	0.54615	0.27254	1.418	0.18463	0.49546	1.1836	0.8122	1.2496	0.83353	0.91869	1.0483	1.4021	1.1189	1.0781	0.8925	1.0599	1.2988	0.87172	0.73333	0.75779	1.5123	0.91722	0.95993	0.54167	0.2682	1.4219	0.18267	0.47822	1.1696	0.78681	2.664
84	0.93587	0.68363	0.74816	0.87683	1.157	0.92465	0.88712	0.72588	0.87337	1.0904	0.71562	0.6049	0.62082	1.276	0.7577	0.80361	0.44447	0.22417	1.1729	0.15271	0.40304	0.99147	0.687	1.0322	0.68498	0.74733	0.86957	1.1566	0.92016	0.88266	0.72547	0.86849	1.0886	0.70844	0.59759	0.6161	1.2727	0.76055	0.80479	0.43889	0.22018	1.1748	0.151	0.39029	0.97617	0.65549	2.3271
85	0.94715	0.54197	0.58216	0.69592	0.91424	0.72637	0.69637	0.56651	0.68281	0.87257	0.5572	0.47449	0.48598	1.0225	0.60212	0.64175	0.34517	0.17528	0.93179	0.12197	0.31601	0.79446	0.54649	0.81171	0.5421	0.58758	0.68798	0.91208	0.72672	0.69605	0.56602	0.68039	0.86428	0.55809	0.46737	0.48317	1.0165	0.60267	0.64701	0.34252	0.17465	0.92698	0.12034	0.30101	0.78544	0.53098	1.933
86	0.95842	0.40747	0.43403	0.52063	0.68074	0.54036	0.51857	0.42085	0.50632	0.65224	0.41758	0.35202	0.36087	0.76786	0.45419	0.48494	0.25846	0.13369	0.693	0.094564	0.23952	0.59542	0.41813	0.59998	0.40707	0.4381	0.51676	0.68037	0.5405	0.5174	0.4192	0.50688	0.64952	0.41779	0.34521	0.36085	0.76292	0.4545	0.48626	0.25745	0.1339	0.69121	0.095616	0.23213	0.58203	0.40552	1.477
87	0.9697	0.28426	0.30571	0.36671	0.46967	0.37823	0.36078	0.29605	0.35619	0.45477	0.29593	0.24897	0.25269	0.53101	0.31705	0.33874	0.18447	0.099447	0.48084	0.070688	0.17078	0.41988	0.29727	0.41474	0.28776	0.30764	0.36221	0.47246	0.37497	0.35882	0.29458	0.35408	0.45081	0.29296	0.24547	0.2522	0.53249	0.31983	0.34075	0.182	0.099159	0.47868	0.071429	0.16537	0.41516	0.285	1.0248
88	0.98097	0.18405	0.19783	0.23228	0.29507	0.23964	0.22832	0.19136	0.22894	0.28387	0.18964	0.15938	0.1638	0.3317	0.20126	0.21638	0.12271	0.068334	0.30103	0.052793	0.1174	0.26316	0.19123	0.26277	0.18457	0.19969	0.23061	0.29475	0.2381	0.22873	0.19007	0.22598	0.28356	0.1891	0.15691	0.16374	0.32944	0.20237	0.21732	0.12009	0.068806	0.30163	0.049837	0.11193	0.26037	0.18377	0.61703
89	0.99225	0.065164	0.070605	0.081041	0.10046	0.084278	0.080545	0.069183	0.080202	0.098178	0.068322	0.057772	0.058621	0.11178	0.071275	0.075059	0.045525	0.027123	0.10333	0.021542	0.0435	0.094559	0.066476	0.089919	0.065499	0.070812	0.079838	0.10166	0.083749	0.078837	0.068751	0.080137	0.095146	0.068128	0.056472	0.058127	0.11174	0.071712	0.075714	0.044882	0.025997	0.10278	0.021161	0.043418	0.090698	0.063995	0.19322
90	1.0035	0	0	0	0	0	0	0	0	0	0	0	0	0	0	0	0	0	0	0	0	0	0	0	0	0	0	0	0	0	0	0	0	0	0	0	0	0	0	0	0	0	0	0	0	0	0
91	1.0148	0	0	0	0	0	0	0	0	0	0	0	0	0	0	0	0	0	0	0	0	0	0	0	0	0	0	0	0	0	0	0	0	0	0	0	0	0	0	0	0	0	0	0	0	0	0
92	1.0261	0	0	0	0	0	0	0	0	0	0	0	0	0	0	0	0	0	0	0	0	0	0	0	0	0	0	0	0	0	0	0	0	0	0	0	0	0	0	0	0	0	0	0	0	0	0
93	1.0374	0	0	0	0	0	0	0	0	0	0	0	0	0	0	0	0	0	0	0	0	0	0	0	0	0	0	0	0	0	0	0	0	0	0	0	0	0	0	0	0	0	0	0	0	0	0
94	1.0486	0	0	0	0	0	0	0	0	0	0	0	0	0	0	0	0	0	0	0	0	0	0	0	0	0	0	0	0	0	0	0	0	0	0	0	0	0	0	0	0	0	0	0	0	0	0
95	1.0599	0	0	0	0	0	0	0	0	0	0	0	0	0	0	0	0	0	0	0	0	0	0	0	0	0	0	0	0	0	0	0	0	0	0	0	0	0	0	0	0	0	0	0	0	0	0
96	1.0712	0	0	0	0	0	0	0	0	0	0	0	0	0	0	0	0	0	0	0	0	0	0	0	0	0	0	0	0	0	0	0	0	0	0	0	0	0	0	0	0	0	0	0	0	0	0
97	1.0825	0	0	0	0	0	0	0	0	0	0	0	0	0	0	0	0	0	0	0	0	0	0	0	0	0	0	0	0	0	0	0	0	0	0	0	0	0	0	0	0	0	0	0	0	0	0
98	1.0937	0	0	0	0	0	0	0	0	0	0	0	0	0	0	0	0	0	0	0	0	0	0	0	0	0	0	0	0	0	0	0	0	0	0	0	0	0	0	0	0	0	0	0	0	0	0
99	1.105	0	0	0	0	0	0	0	0	0	0	0	0	0	0	0	0	0	0	0	0	0	0	0	0	0	0	0	0	0	0	0	0	0	0	0	0	0	0	0	0	0	0	0	0	0	0
100	1.1163	0	0	0	0	0	0	0	0	0	0	0	0	0	0	0	0	0	0	0	0	0	0	0	0	0	0	0	0	0	0	0	0	0	0	0	0	0	0	0	0	0	0	0	0	0	0
