1	0	4.5108e-05	0.00013137	0.00016635	2.476e-05	0.00011043	0.00020051	7.7589e-05	9.3127e-05	0.00011908	0.00019852	7.3894e-05	7.9408e-05	9.7669e-05	0.00030939	0.00030137	0.00020788	0.0011401	8.7578e-05	0.001012	0.00063662	7.5466e-05	0.0002666	7.1541e-05	4.2734e-05	0.00011191	0.00019309	2.476e-05	0.0001689	0.00020396	8.1283e-05	0.00016196	8.9311e-05	0.00019852	5.216e-05	7.0585e-05	7.7107e-05	0.00023757	0.00031296	0.00025335	0.00097821	9.4876e-05	0.00097189	0.00053658	0.00010062	0.00023182	1.8826e-05
2	0.011276	0.0002754	0.00066413	0.0010516	0.00013928	0.0011856	0.0014381	0.00040272	0.00089887	0.00065069	0.0017646	0.00043902	0.00051615	0.00062199	0.0017127	0.0021965	0.0015721	0.0067771	0.00063494	0.0068133	0.0048111	0.00047795	0.0016691	0.00053091	0.00028252	0.00050844	0.0010367	0.00013618	0.0013967	0.0013517	0.0005542	0.0010487	0.00068472	0.0015043	0.00047379	0.00041028	0.00071452	0.00179	0.0024342	0.0014292	0.0069038	0.00056926	0.0068533	0.0047201	0.00076724	0.0018082	7.9071e-05
3	0.022551	0.00089266	0.0017053	0.0027359	0.00041164	0.0031084	0.0038684	0.0011675	0.0023606	0.0019563	0.0043719	0.0012345	0.0014249	0.0015935	0.0043093	0.006126	0.0038847	0.018628	0.0016202	0.019057	0.011978	0.0019118	0.0043003	0.0015099	0.00081669	0.0016786	0.0029201	0.00045187	0.0036184	0.0039272	0.001452	0.0030286	0.0017012	0.0041822	0.0013475	0.0010852	0.0018351	0.0048563	0.006833	0.0039951	0.018875	0.0017297	0.018897	0.012705	0.0015974	0.0046597	0.00026734
4	0.033827	0.0018257	0.0032647	0.0055669	0.00073971	0.0062883	0.0073669	0.0024681	0.0048466	0.0035767	0.0092775	0.0023559	0.0028852	0.0031665	0.0090772	0.011539	0.0079708	0.036595	0.0031528	0.037172	0.023009	0.0029683	0.0088673	0.0030386	0.001669	0.003075	0.0057749	0.00096565	0.0068827	0.0072909	0.0028117	0.0055107	0.0032535	0.00806	0.0024124	0.0021131	0.003295	0.0093037	0.013452	0.0077304	0.036081	0.0032185	0.036231	0.024228	0.0032576	0.0090643	0.00041042
5	0.045102	0.0030104	0.0053155	0.0088732	0.0013247	0.0098677	0.012169	0.0040494	0.0080939	0.0059711	0.015445	0.0039512	0.0049145	0.0053101	0.014547	0.020001	0.013038	0.059368	0.0048095	0.062031	0.038761	0.0056851	0.01508	0.0050794	0.0027373	0.0053398	0.0095862	0.0014175	0.011576	0.012148	0.0045408	0.0093693	0.0057371	0.01353	0.0036817	0.0031984	0.0053101	0.015574	0.021878	0.012323	0.059263	0.0053642	0.059796	0.039807	0.005094	0.014257	0.00070035
6	0.056378	0.0042425	0.0082007	0.012985	0.0021294	0.0151	0.017811	0.0060999	0.011673	0.00888	0.022102	0.0056638	0.0072438	0.0078803	0.021641	0.028827	0.019651	0.088433	0.0070062	0.090556	0.057524	0.0081503	0.021479	0.00738	0.0039624	0.0076436	0.013834	0.0022718	0.017653	0.018564	0.0064436	0.013406	0.0082208	0.020192	0.0062027	0.0049763	0.0083892	0.02242	0.031615	0.018832	0.089897	0.0082542	0.089264	0.059643	0.0070184	0.021699	0.00097521
7	0.067653	0.0063104	0.011641	0.019036	0.0028598	0.021031	0.025091	0.0082133	0.016281	0.012959	0.031605	0.0080501	0.0098996	0.010995	0.030961	0.04072	0.026894	0.12298	0.0098014	0.12544	0.079469	0.011735	0.030589	0.010622	0.0056171	0.010906	0.019496	0.002965	0.024007	0.025012	0.0093254	0.018876	0.011704	0.02808	0.00825	0.0069835	0.011458	0.031767	0.045495	0.026901	0.12442	0.010896	0.12433	0.083461	0.0096471	0.029639	0.0013103
8	0.078929	0.0085681	0.01537	0.024935	0.0039152	0.028148	0.033429	0.011265	0.021828	0.016318	0.042925	0.011097	0.013005	0.014769	0.041071	0.053007	0.037126	0.15972	0.012619	0.16644	0.10527	0.01586	0.040279	0.014398	0.0077372	0.014905	0.025939	0.0043114	0.032361	0.033779	0.012721	0.024278	0.015851	0.037648	0.011062	0.0094452	0.015041	0.041579	0.059451	0.035521	0.16148	0.014604	0.16519	0.10738	0.012427	0.039375	0.0014496
9	0.090204	0.011279	0.019678	0.032074	0.0049737	0.035869	0.043116	0.014535	0.028505	0.021349	0.053186	0.014453	0.017293	0.018542	0.053143	0.068475	0.047377	0.20564	0.0161	0.20924	0.13408	0.018703	0.051222	0.018687	0.0099926	0.018783	0.033425	0.0054318	0.041355	0.043476	0.016153	0.032003	0.020333	0.048633	0.015261	0.012489	0.019513	0.053535	0.075685	0.045109	0.20833	0.018216	0.21086	0.1387	0.016225	0.050004	0.0017396
10	0.10148	0.013969	0.02468	0.040377	0.0062643	0.044573	0.054068	0.018034	0.034582	0.027193	0.066924	0.017469	0.021727	0.023949	0.064601	0.085549	0.057816	0.25391	0.02134	0.26192	0.16932	0.024011	0.062871	0.023398	0.013069	0.023291	0.041188	0.006936	0.051589	0.052972	0.020047	0.041101	0.025841	0.060818	0.018243	0.016274	0.025127	0.066817	0.095332	0.057491	0.25916	0.023091	0.25998	0.17269	0.020313	0.064378	0.0020408
11	0.11276	0.017414	0.030446	0.049309	0.0081647	0.055396	0.065286	0.022785	0.042891	0.033487	0.081694	0.022459	0.026324	0.029727	0.080253	0.10411	0.070321	0.3072	0.026281	0.31704	0.20275	0.029646	0.075517	0.028695	0.016265	0.029292	0.051249	0.0087373	0.063815	0.066634	0.024847	0.048592	0.032177	0.074838	0.022312	0.019834	0.030077	0.082684	0.11708	0.069366	0.31264	0.028543	0.31423	0.20787	0.025155	0.078774	0.0023947
12	0.12403	0.021502	0.037267	0.059383	0.010009	0.066258	0.079263	0.027145	0.052799	0.04019	0.096358	0.027384	0.032231	0.035495	0.097104	0.12441	0.08473	0.36395	0.031003	0.37661	0.2431	0.034953	0.092081	0.034825	0.020429	0.035085	0.061085	0.010774	0.075976	0.078661	0.030795	0.059642	0.038854	0.090129	0.027367	0.024687	0.037124	0.096932	0.13814	0.082943	0.37242	0.03525	0.37045	0.24711	0.030476	0.092822	0.0027261
13	0.13531	0.025992	0.044042	0.070103	0.012275	0.079727	0.094266	0.032247	0.061783	0.047309	0.11538	0.033057	0.038143	0.04246	0.11417	0.14757	0.10141	0.424	0.036754	0.43552	0.2859	0.042399	0.10812	0.042488	0.024539	0.041444	0.072138	0.013241	0.088985	0.093274	0.035569	0.070226	0.046433	0.10483	0.0332	0.029249	0.044074	0.1139	0.16371	0.098138	0.43429	0.041308	0.43808	0.28925	0.03479	0.10982	0.0030198
14	0.14658	0.031485	0.051917	0.083195	0.014618	0.09194	0.1095	0.039031	0.072635	0.055492	0.13464	0.038468	0.045492	0.049163	0.1331	0.17291	0.11592	0.48961	0.044621	0.50625	0.33183	0.048726	0.12524	0.049495	0.029584	0.049114	0.084137	0.015676	0.10469	0.10897	0.042264	0.081887	0.053527	0.12283	0.038673	0.035769	0.051769	0.13348	0.18811	0.11474	0.4955	0.049204	0.50473	0.33215	0.042035	0.1279	0.0034716
15	0.15786	0.037418	0.060567	0.095894	0.017475	0.10629	0.12594	0.045585	0.083158	0.064903	0.15468	0.04534	0.051863	0.058606	0.15398	0.19544	0.13605	0.55786	0.050781	0.57691	0.37757	0.056046	0.14645	0.057161	0.035448	0.056979	0.097365	0.018824	0.12066	0.12576	0.048655	0.095042	0.063134	0.14389	0.046066	0.042845	0.060632	0.15481	0.21812	0.13186	0.56567	0.055955	0.57563	0.38141	0.048613	0.1457	0.0041945
16	0.16913	0.043809	0.069683	0.11069	0.020836	0.12272	0.14588	0.053167	0.096993	0.074813	0.17728	0.053491	0.060902	0.068712	0.1753	0.22337	0.15349	0.62284	0.061326	0.64826	0.42882	0.063253	0.16378	0.067305	0.042064	0.066654	0.1124	0.02216	0.13888	0.14478	0.056909	0.10887	0.073077	0.1637	0.054129	0.049401	0.069771	0.17603	0.24684	0.15012	0.63024	0.064268	0.64177	0.43089	0.056411	0.16702	0.0049551
17	0.18041	0.051658	0.079647	0.1257	0.024782	0.13913	0.16584	0.061214	0.11259	0.085207	0.2006	0.061593	0.070682	0.078412	0.19717	0.2525	0.17423	0.70082	0.072135	0.71833	0.48072	0.074158	0.18592	0.077226	0.049023	0.075969	0.1281	0.025803	0.15647	0.16476	0.065004	0.12551	0.082293	0.18552	0.063471	0.056746	0.081234	0.19972	0.27746	0.17397	0.70509	0.074244	0.71384	0.48265	0.063291	0.19003	0.0057722
18	0.19168	0.060851	0.091446	0.1427	0.029654	0.15904	0.18631	0.071256	0.12699	0.096413	0.2256	0.069121	0.080401	0.088303	0.22277	0.28374	0.19602	0.77117	0.082396	0.79633	0.53095	0.084019	0.21111	0.08612	0.057693	0.085907	0.14537	0.030514	0.1756	0.18621	0.074589	0.14141	0.09378	0.20986	0.070377	0.065847	0.092667	0.22541	0.30729	0.19283	0.78159	0.085228	0.79547	0.53288	0.072913	0.21459	0.006642
19	0.20296	0.070224	0.10311	0.15876	0.034847	0.17693	0.20716	0.080847	0.14286	0.10951	0.25181	0.080957	0.09113	0.10073	0.24803	0.31733	0.22016	0.84907	0.091198	0.87453	0.5854	0.09393	0.2343	0.098007	0.067906	0.096985	0.16304	0.035822	0.19718	0.20817	0.085399	0.15843	0.10796	0.23345	0.081357	0.077361	0.1049	0.24918	0.34103	0.21445	0.85591	0.09754	0.87131	0.58836	0.082623	0.24034	0.007267
20	0.21424	0.081496	0.11492	0.17784	0.04009	0.19777	0.22957	0.092519	0.16013	0.12323	0.27772	0.092815	0.10223	0.11484	0.27537	0.3484	0.24178	0.92246	0.10444	0.95406	0.64015	0.10478	0.2578	0.11179	0.078588	0.10996	0.18143	0.040994	0.21997	0.23136	0.096428	0.17756	0.12163	0.2611	0.092128	0.088982	0.11817	0.27463	0.37451	0.2381	0.9299	0.11054	0.94725	0.64599	0.090484	0.26453	0.0091195
21	0.22551	0.094261	0.12953	0.19823	0.046729	0.21887	0.25596	0.10435	0.17858	0.13839	0.3055	0.10449	0.1167	0.1296	0.30285	0.38615	0.26738	0.99734	0.11854	1.0251	0.69784	0.11504	0.28591	0.12384	0.090855	0.12264	0.20232	0.04788	0.24388	0.25679	0.10827	0.19717	0.1348	0.28862	0.10358	0.10144	0.13384	0.30412	0.41371	0.26175	1.0017	0.12382	1.0243	0.69714	0.10392	0.29134	0.010147
22	0.23679	0.10782	0.14314	0.2204	0.054321	0.24197	0.28234	0.11755	0.2003	0.15184	0.33644	0.11862	0.13188	0.14236	0.33345	0.42331	0.29519	1.0699	0.13347	1.1091	0.75106	0.13087	0.31267	0.13974	0.10432	0.13638	0.22286	0.055249	0.26788	0.28052	0.12249	0.21874	0.14933	0.31683	0.1193	0.11417	0.15106	0.33167	0.44957	0.29185	1.0741	0.1387	1.1048	0.75418	0.11705	0.32206	0.012151
23	0.24806	0.12404	0.16042	0.24173	0.062582	0.26576	0.31045	0.13128	0.21949	0.1681	0.36739	0.13155	0.14769	0.16312	0.35978	0.45993	0.32226	1.1444	0.14968	1.1881	0.80366	0.14385	0.34189	0.15363	0.12064	0.15143	0.24426	0.063473	0.2921	0.30934	0.13526	0.24058	0.16644	0.34874	0.13333	0.12994	0.16771	0.36424	0.48631	0.31938	1.1432	0.15284	1.1815	0.81203	0.12667	0.35418	0.014338
24	0.25934	0.1397	0.17575	0.26446	0.072944	0.29343	0.3372	0.14636	0.24308	0.18668	0.39947	0.14986	0.1653	0.18055	0.39338	0.50084	0.34923	1.2148	0.16645	1.2574	0.86269	0.15738	0.37549	0.1723	0.13703	0.17053	0.26947	0.072693	0.32077	0.33835	0.15279	0.26467	0.18335	0.37857	0.15022	0.14705	0.18569	0.39477	0.52658	0.34679	1.2173	0.17451	1.2552	0.86843	0.14122	0.3835	0.016661
25	0.27061	0.15944	0.19452	0.29239	0.084934	0.31742	0.36621	0.16439	0.26444	0.20564	0.43493	0.16707	0.18595	0.20101	0.42458	0.53752	0.37956	1.2859	0.18649	1.3348	0.91557	0.17225	0.40486	0.18944	0.15593	0.18738	0.29375	0.083851	0.34826	0.3669	0.16856	0.28949	0.20353	0.41345	0.16772	0.16594	0.20651	0.42694	0.56705	0.37871	1.2889	0.18955	1.3355	0.92137	0.15522	0.4143	0.019862
26	0.28189	0.179	0.21314	0.31806	0.095624	0.34778	0.39834	0.18029	0.293	0.225	0.46498	0.18829	0.20458	0.22243	0.459	0.5796	0.41272	1.35	0.209	1.4024	0.97356	0.18799	0.43751	0.20977	0.1779	0.20773	0.32075	0.095355	0.37901	0.39843	0.18492	0.31557	0.22335	0.44754	0.18787	0.18549	0.22859	0.45738	0.60625	0.40854	1.3529	0.21138	1.4052	0.97888	0.17062	0.44466	0.023318
27	0.29316	0.20361	0.23321	0.3463	0.10893	0.37763	0.4308	0.19949	0.32101	0.24773	0.50388	0.20941	0.22759	0.24449	0.49344	0.61748	0.44295	1.4109	0.23001	1.4706	1.0283	0.20678	0.46691	0.23073	0.20262	0.22768	0.34826	0.10906	0.40904	0.43118	0.20619	0.33877	0.24572	0.48224	0.20779	0.20786	0.25355	0.4891	0.64843	0.44171	1.416	0.23349	1.4695	1.0179	0.18781	0.48229	0.027234
28	0.30444	0.2272	0.25587	0.3756	0.12572	0.40742	0.46484	0.21941	0.34754	0.27122	0.54189	0.23422	0.2552	0.2702	0.52519	0.66115	0.47923	1.4723	0.25471	1.535	1.0768	0.22154	0.5055	0.25168	0.22672	0.25076	0.37524	0.12505	0.44185	0.46506	0.22828	0.36996	0.27028	0.51806	0.23407	0.2334	0.27943	0.52856	0.68851	0.47473	1.4731	0.25663	1.541	1.0757	0.20479	0.52042	0.031534
29	0.31572	0.25436	0.27951	0.40567	0.14181	0.43962	0.49637	0.24144	0.37659	0.29543	0.57998	0.25978	0.2812	0.29532	0.55989	0.71132	0.51548	1.5308	0.28291	1.6004	1.1251	0.24309	0.54008	0.27579	0.25349	0.27332	0.40828	0.14194	0.47297	0.49621	0.24863	0.40183	0.29474	0.55683	0.25759	0.26061	0.3054	0.56078	0.73202	0.50848	1.5287	0.28087	1.6025	1.1322	0.22402	0.55617	0.037604
30	0.32699	0.2861	0.3057	0.4366	0.16096	0.47315	0.53606	0.26765	0.40976	0.32404	0.61413	0.28586	0.31237	0.3233	0.59574	0.74956	0.55184	1.5791	0.30692	1.6515	1.172	0.26217	0.58282	0.30064	0.28475	0.29861	0.43951	0.16102	0.50615	0.53285	0.2738	0.43354	0.32333	0.59539	0.2879	0.28902	0.33391	0.59675	0.77345	0.53901	1.5741	0.30644	1.6619	1.179	0.238	0.59417	0.043843
31	0.33827	0.31911	0.33203	0.47172	0.18262	0.50707	0.5723	0.29275	0.44316	0.35517	0.6525	0.31787	0.34492	0.35425	0.62937	0.7936	0.58834	1.6247	0.33808	1.7074	1.2226	0.28506	0.61805	0.32566	0.31917	0.32739	0.47311	0.18232	0.54343	0.57023	0.2989	0.46771	0.35185	0.63446	0.31648	0.32468	0.36231	0.6349	0.81543	0.58405	1.623	0.33718	1.7173	1.2193	0.25929	0.63433	0.050267
32	0.34954	0.35349	0.36241	0.50647	0.20594	0.54368	0.60873	0.31943	0.47945	0.38402	0.69601	0.35361	0.37944	0.38623	0.66571	0.83351	0.6262	1.6723	0.36848	1.7577	1.2617	0.3072	0.65738	0.35159	0.35471	0.35483	0.50989	0.20463	0.57752	0.60682	0.33083	0.50247	0.3821	0.6767	0.35205	0.35781	0.39995	0.67089	0.85667	0.61877	1.6624	0.36862	1.7521	1.2663	0.28716	0.67565	0.059239
33	0.36082	0.3918	0.3927	0.54361	0.23289	0.57969	0.64885	0.35043	0.5158	0.41723	0.73338	0.3875	0.41575	0.42334	0.70489	0.88468	0.66569	1.6981	0.40096	1.7953	1.3057	0.33073	0.69852	0.38197	0.39317	0.38527	0.54608	0.23008	0.61508	0.64866	0.35999	0.53921	0.41531	0.71842	0.38907	0.39278	0.43184	0.70644	0.89857	0.65959	1.7009	0.40101	1.8086	1.3153	0.30535	0.72028	0.068374
34	0.37209	0.43784	0.42555	0.5839	0.26175	0.61998	0.68752	0.3817	0.55514	0.45166	0.77763	0.42864	0.45565	0.45642	0.74446	0.92769	0.7047	1.7376	0.43641	1.8396	1.3438	0.35587	0.74134	0.41434	0.43728	0.419	0.58259	0.26183	0.65644	0.68628	0.39289	0.57679	0.45129	0.76202	0.42586	0.43375	0.46865	0.74425	0.94009	0.69951	1.73	0.43548	1.8426	1.3444	0.32507	0.75487	0.080366
35	0.38337	0.48076	0.46039	0.62283	0.29208	0.66138	0.73259	0.41634	0.59792	0.49084	0.81861	0.4721	0.49961	0.49766	0.78232	0.97352	0.75075	1.7601	0.47759	1.8592	1.381	0.37951	0.7918	0.44571	0.48114	0.45407	0.62433	0.2917	0.69123	0.72212	0.42696	0.61813	0.48917	0.79824	0.46949	0.47882	0.5115	0.78414	0.98685	0.74774	1.7521	0.47185	1.8677	1.3783	0.35299	0.80435	0.092992
36	0.39464	0.52777	0.49601	0.66516	0.3256	0.70209	0.77103	0.45211	0.63996	0.53244	0.86314	0.51867	0.54175	0.54236	0.81963	1.0142	0.79405	1.7809	0.51637	1.8913	1.4072	0.40994	0.82874	0.48389	0.52828	0.49313	0.66889	0.32663	0.7345	0.76753	0.46177	0.6618	0.53116	0.84776	0.51368	0.52247	0.55217	0.81847	1.0268	0.78715	1.7773	0.51147	1.903	1.4214	0.38514	0.85027	0.10677
37	0.40592	0.57986	0.53678	0.70898	0.36319	0.74496	0.81407	0.49306	0.68388	0.57377	0.90398	0.56413	0.59386	0.58381	0.86111	1.0598	0.83888	1.7936	0.55442	1.9238	1.4398	0.43916	0.87762	0.52378	0.58244	0.53219	0.71479	0.36406	0.77166	0.81158	0.5035	0.70323	0.57041	0.89333	0.56286	0.57173	0.5959	0.86146	1.0694	0.83573	1.7914	0.54764	1.9215	1.4504	0.41246	0.89252	0.12479
38	0.4172	0.63357	0.57983	0.75391	0.40455	0.78823	0.85869	0.532	0.73106	0.61905	0.94685	0.61561	0.64646	0.6275	0.90214	1.1032	0.88282	1.8121	0.59802	1.9319	1.4763	0.47291	0.92626	0.5627	0.6378	0.57526	0.7591	0.40496	0.81739	0.85514	0.54346	0.74793	0.61779	0.93695	0.6151	0.62491	0.6406	0.90267	1.1089	0.88174	1.8063	0.59505	1.9489	1.4781	0.4518	0.94123	0.14261
39	0.42847	0.6921	0.62321	0.80083	0.45113	0.8371	0.90807	0.57716	0.77949	0.66338	0.99249	0.66948	0.70218	0.67921	0.9439	1.143	0.9356	1.816	0.64743	1.9456	1.4968	0.50582	0.96958	0.60795	0.69596	0.62176	0.80395	0.45253	0.86345	0.90423	0.59157	0.7972	0.66452	0.98659	0.66712	0.68357	0.69205	0.94263	1.152	0.92986	1.8089	0.64299	1.9434	1.4997	0.48347	0.98533	0.16341
40	0.43975	0.75175	0.6739	0.85146	0.49934	0.88611	0.95532	0.62597	0.82673	0.71846	1.0406	0.72694	0.76155	0.7272	0.98069	1.1898	0.97958	1.8286	0.69226	1.9507	1.5256	0.54787	1.0188	0.65148	0.75693	0.66886	0.85341	0.49717	0.90804	0.94545	0.6387	0.84873	0.71512	1.0297	0.72551	0.74579	0.74411	0.98683	1.1955	0.9775	1.808	0.68475	1.9553	1.531	0.52162	1.0416	0.18734
41	0.45102	0.81676	0.72097	0.9015	0.55099	0.93241	0.99987	0.6749	0.88068	0.76944	1.0908	0.78839	0.82327	0.77985	1.0289	1.2313	1.0352	1.8236	0.74278	1.9431	1.5426	0.59123	1.079	0.698	0.82232	0.7212	0.90426	0.55008	0.9537	0.99605	0.68748	0.89874	0.76895	1.0789	0.78563	0.80679	0.79325	1.0264	1.2364	1.0263	1.8093	0.7399	1.9491	1.5489	0.56325	1.0842	0.21441
42	0.4623	0.88684	0.77437	0.9552	0.60577	0.98196	1.0507	0.72866	0.93371	0.83008	1.1396	0.85158	0.88448	0.83689	1.073	1.2723	1.0835	1.8134	0.79595	1.9444	1.553	0.62756	1.1256	0.74958	0.88855	0.77515	0.95724	0.60651	0.99633	1.0433	0.74149	0.94851	0.82644	1.1314	0.85171	0.86791	0.84094	1.0724	1.2765	1.0818	1.8103	0.79376	1.9501	1.5766	0.60463	1.1312	0.24044
43	0.47357	0.9548	0.82998	1.0104	0.66538	1.0319	1.1007	0.78646	0.99246	0.8886	1.1872	0.91858	0.95284	0.89252	1.121	1.3167	1.1301	1.8017	0.85585	1.9336	1.5773	0.67255	1.1771	0.80347	0.95635	0.82968	1.0126	0.66739	1.0488	1.0908	0.79889	1.0054	0.88321	1.1825	0.91589	0.94294	0.90282	1.1147	1.3119	1.1302	1.8042	0.84797	1.9388	1.5859	0.65375	1.1894	0.27346
44	0.48485	1.0277	0.8893	1.0647	0.72859	1.0879	1.1512	0.84842	1.053	0.94793	1.2342	0.9904	1.0222	0.95108	1.1626	1.3562	1.1924	1.7985	0.90933	1.9156	1.5947	0.72357	1.2314	0.86046	1.0327	0.89029	1.0654	0.72683	1.1	1.1434	0.85722	1.0636	0.94733	1.2295	0.9871	1.014	0.96101	1.1612	1.3577	1.1896	1.7849	0.90537	1.9261	1.5994	0.70458	1.2356	0.30608
45	0.49612	1.1053	0.94963	1.1208	0.7934	1.1411	1.2038	0.90953	1.1105	1.0139	1.2885	1.0649	1.101	1.0156	1.2091	1.4004	1.2424	1.7798	0.97369	1.8949	1.6094	0.78471	1.2928	0.91872	1.108	0.95604	1.1251	0.79624	1.1526	1.1939	0.92207	1.1209	1.0123	1.2807	1.0561	1.0839	1.0189	1.2072	1.3907	1.2482	1.767	0.9711	1.9148	1.6113	0.75872	1.3039	0.34719
46	0.5074	1.1847	1.0178	1.1818	0.8652	1.1995	1.257	0.9794	1.1756	1.0849	1.3402	1.1339	1.1778	1.0768	1.2559	1.4385	1.3011	1.7562	1.0404	1.878	1.6117	0.83483	1.3509	0.98112	1.187	1.0204	1.1838	0.86747	1.2056	1.254	0.98681	1.181	1.077	1.3345	1.1385	1.1659	1.0846	1.2569	1.4309	1.2981	1.7497	1.0324	1.8781	1.6264	0.81135	1.342	0.3887
47	0.51868	1.2625	1.0878	1.24	0.93814	1.254	1.3123	1.047	1.2344	1.1537	1.3891	1.2103	1.2513	1.1405	1.3142	1.4764	1.3579	1.744	1.0992	1.8537	1.6391	0.89468	1.4041	1.0496	1.268	1.0917	1.2462	0.94163	1.2564	1.308	1.0524	1.2404	1.1513	1.3901	1.2095	1.2462	1.1476	1.3038	1.4773	1.361	1.7307	1.0952	1.8565	1.6285	0.87184	1.4098	0.44217
48	0.52995	1.3464	1.159	1.3	1.0203	1.3107	1.3725	1.1194	1.2991	1.2233	1.4339	1.295	1.3325	1.2134	1.3588	1.5209	1.4153	1.7213	1.1759	1.8205	1.6356	0.95969	1.4732	1.119	1.3512	1.1594	1.3047	1.0185	1.3115	1.362	1.1321	1.3063	1.2182	1.4438	1.2939	1.3269	1.2169	1.354	1.5177	1.4231	1.7113	1.1668	1.8339	1.6378	0.93954	1.4714	0.49548
49	0.54123	1.4311	1.2302	1.3619	1.0991	1.3705	1.4252	1.1938	1.3754	1.2961	1.494	1.3743	1.4148	1.2792	1.41	1.5558	1.4798	1.6913	1.2403	1.7959	1.6504	1.0269	1.5272	1.1888	1.434	1.2365	1.3695	1.1043	1.372	1.4155	1.2078	1.3701	1.2969	1.4921	1.3741	1.4101	1.2854	1.4053	1.5473	1.4805	1.6796	1.2356	1.7919	1.6475	1.0046	1.5255	0.55377
50	0.5525	1.5175	1.306	1.4232	1.1836	1.4266	1.4835	1.2711	1.4376	1.3681	1.546	1.4554	1.4964	1.3446	1.4612	1.5969	1.5296	1.6732	1.3064	1.7492	1.6595	1.0964	1.5865	1.259	1.5215	1.3111	1.4336	1.1842	1.4265	1.4724	1.28	1.4353	1.372	1.5495	1.4549	1.4961	1.3479	1.457	1.5937	1.5353	1.6616	1.3153	1.7533	1.6482	1.0815	1.5747	0.61235
51	0.56378	1.6008	1.3804	1.4907	1.2674	1.4825	1.5365	1.3522	1.5077	1.4443	1.5949	1.5404	1.5827	1.4089	1.5168	1.637	1.5944	1.6397	1.3816	1.7105	1.66	1.1784	1.6403	1.3393	1.6014	1.3865	1.49	1.2693	1.4796	1.5324	1.362	1.4956	1.444	1.6019	1.5359	1.5782	1.4176	1.507	1.6168	1.5908	1.6269	1.3775	1.7141	1.6597	1.1541	1.6233	0.67203
52	0.57505	1.6878	1.4613	1.552	1.3544	1.5428	1.5958	1.4357	1.5708	1.5214	1.6503	1.6249	1.663	1.4779	1.5589	1.6627	1.6547	1.6099	1.4481	1.6727	1.6614	1.2486	1.6996	1.4133	1.6913	1.4692	1.555	1.3552	1.5309	1.5926	1.4389	1.5652	1.5178	1.6566	1.6222	1.665	1.4874	1.5518	1.6566	1.6462	1.6027	1.4595	1.6773	1.6621	1.242	1.6845	0.73425
53	0.58633	1.7701	1.5483	1.6141	1.4434	1.6052	1.6541	1.5219	1.6414	1.5938	1.6996	1.7085	1.7505	1.5452	1.61	1.7032	1.7053	1.5761	1.5272	1.622	1.6606	1.3399	1.7584	1.4937	1.7769	1.5516	1.6184	1.4456	1.5945	1.6454	1.5256	1.6273	1.5934	1.7081	1.7052	1.7499	1.5538	1.6083	1.694	1.7058	1.5838	1.5337	1.6348	1.6753	1.3141	1.7357	0.80551
54	0.5976	1.8561	1.6335	1.6775	1.5382	1.6637	1.7089	1.6102	1.7038	1.6731	1.7457	1.7887	1.8318	1.6171	1.6642	1.7339	1.7716	1.5449	1.6051	1.5833	1.6684	1.4214	1.7935	1.5789	1.86	1.6356	1.6785	1.5411	1.6545	1.7041	1.6147	1.6971	1.6763	1.7586	1.7869	1.8376	1.618	1.6638	1.7227	1.7649	1.5496	1.6039	1.5864	1.661	1.4063	1.7859	0.88452
55	0.60888	1.9413	1.7163	1.7442	1.6328	1.7261	1.7609	1.6982	1.7775	1.7486	1.7906	1.8709	1.9218	1.687	1.72	1.7657	1.823	1.5179	1.6816	1.5343	1.663	1.523	1.8552	1.6632	1.9441	1.7213	1.7451	1.6335	1.7089	1.7564	1.7048	1.7625	1.7495	1.814	1.8783	1.9232	1.6882	1.7137	1.7446	1.8181	1.5161	1.6805	1.5421	1.6661	1.4969	1.8375	0.96719
56	0.62016	2.0223	1.7993	1.8019	1.7244	1.7857	1.8136	1.7934	1.8409	1.8301	1.8438	1.9571	2.0007	1.7538	1.7656	1.7954	1.8721	1.4854	1.763	1.4898	1.6584	1.6065	1.9064	1.7475	2.0241	1.8071	1.8055	1.7301	1.7682	1.8188	1.7975	1.8242	1.8258	1.8513	1.9546	2.003	1.7547	1.7591	1.772	1.8741	1.4819	1.7622	1.4913	1.6699	1.604	1.8915	1.0616
57	0.63143	2.0989	1.8888	1.8614	1.8241	1.8409	1.8721	1.8812	1.9073	1.9098	1.8879	2.0378	2.0745	1.8189	1.8095	1.8219	1.9194	1.4471	1.8417	1.4405	1.6598	1.7046	1.9449	1.8305	2.105	1.8935	1.8669	1.8234	1.8244	1.8679	1.8816	1.8965	1.8981	1.8985	2.0361	2.0844	1.8222	1.8084	1.8032	1.9246	1.4469	1.8397	1.4341	1.6552	1.699	1.9346	1.1557
58	0.64271	2.1765	1.9717	1.924	1.9165	1.9053	1.926	1.9758	1.9751	1.9688	1.9311	2.1139	2.1494	1.89	1.8616	1.8403	1.9729	1.4165	1.9142	1.391	1.6515	1.807	1.9883	1.9232	2.1801	1.9784	1.9276	1.9236	1.8795	1.9288	1.9746	1.9553	1.9693	1.9456	2.1126	2.1598	1.8897	1.8579	1.8275	1.9744	1.4151	1.9086	1.3788	1.6528	1.8148	1.967	1.2584
59	0.65398	2.2508	2.0549	1.9797	2.0132	1.9584	1.9698	2.0707	2.0316	2.0465	1.9681	2.1912	2.2177	1.9506	1.9113	1.867	2.0197	1.3754	1.988	1.3396	1.647	1.9015	2.0189	2.0043	2.252	2.065	1.9847	2.0191	1.935	1.9776	2.0619	2.0139	2.0424	1.9841	2.1901	2.2327	1.9542	1.9034	1.8475	2.0237	1.3811	1.9888	1.3308	1.6466	1.9117	2.0026	1.3639
60	0.66526	2.3194	2.1403	2.0374	2.1077	2.0137	2.0191	2.1598	2.0851	2.1138	1.9999	2.2643	2.2775	2.0214	1.9425	1.884	2.0689	1.3407	2.0606	1.2824	1.6368	2.0085	2.0585	2.0888	2.3182	2.1419	2.0359	2.1141	1.989	2.0216	2.146	2.0631	2.1104	2.0147	2.2629	2.3011	2.0146	1.944	1.8613	2.0618	1.3339	2.0625	1.2859	1.6384	2.0119	2.0351	1.4746
61	0.67653	2.376	2.2201	2.0919	2.2048	2.064	2.0589	2.2457	2.1407	2.1756	2.0352	2.325	2.3324	2.0732	1.9915	1.8924	2.0928	1.2977	2.1285	1.2317	1.6256	2.1096	2.0719	2.1715	2.3745	2.2297	2.0863	2.2053	2.041	2.0629	2.237	2.1174	2.176	2.0523	2.3284	2.3568	2.0703	1.984	1.8737	2.1049	1.3049	2.1302	1.2272	1.6212	2.1209	2.0593	1.5883
62	0.68781	2.4271	2.2946	2.1371	2.2878	2.1169	2.1012	2.3315	2.1911	2.2383	2.0657	2.3825	2.3859	2.1319	2.0215	1.9084	2.131	1.2633	2.1968	1.1754	1.6016	2.2184	2.103	2.2454	2.4278	2.2987	2.1384	2.2916	2.088	2.1034	2.3198	2.1668	2.2381	2.0799	2.3921	2.4063	2.119	2.0136	1.8899	2.1351	1.2633	2.198	1.166	1.6064	2.2305	2.0861	1.71
63	0.69908	2.4716	2.3677	2.1822	2.3725	2.1616	2.1376	2.4137	2.2369	2.2832	2.084	2.4353	2.4325	2.1884	2.0521	1.9089	2.1616	1.2247	2.2647	1.1216	1.5895	2.3132	2.1101	2.3302	2.468	2.3746	2.1821	2.379	2.1289	2.1376	2.3986	2.2072	2.2886	2.1057	2.4456	2.4514	2.1754	2.0615	1.8908	2.1675	1.2283	2.2611	1.1164	1.5918	2.3423	2.1032	1.8389
64	0.71036	2.507	2.4363	2.2218	2.4536	2.2009	2.1604	2.4827	2.2768	2.3341	2.1076	2.483	2.4676	2.2335	2.0817	1.9179	2.1846	1.181	2.3147	1.0642	1.5744	2.4186	2.1179	2.3907	2.5061	2.436	2.2232	2.4633	2.1649	2.1693	2.4698	2.2506	2.335	2.1187	2.4884	2.4876	2.2275	2.0796	1.8953	2.1798	1.1835	2.3273	1.0616	1.5629	2.4299	2.1093	1.9753
65	0.72163	2.5355	2.483	2.2569	2.5307	2.2374	2.1839	2.5506	2.3069	2.3802	2.1168	2.5253	2.4874	2.2755	2.1032	1.9141	2.1956	1.1322	2.3682	1.0049	1.5475	2.5061	2.1208	2.457	2.5327	2.4912	2.2483	2.5314	2.2036	2.1923	2.5343	2.2814	2.3813	2.1318	2.5219	2.5137	2.2626	2.1077	1.8914	2.1983	1.1372	2.377	1.0024	1.5418	2.5331	2.1116	2.1178
66	0.73291	2.5473	2.5388	2.2844	2.5947	2.2705	2.1988	2.6115	2.3352	2.4069	2.1168	2.5512	2.4999	2.3226	2.1175	1.9086	2.209	1.0972	2.4116	0.95773	1.5162	2.5723	2.1141	2.5098	2.5458	2.5356	2.2809	2.6018	2.2295	2.2093	2.5956	2.3076	2.4125	2.1401	2.5543	2.533	2.3146	2.1205	1.8807	2.2067	1.0925	2.4153	0.95184	1.5106	2.605	2.1026	2.2669
67	0.74419	2.5491	2.5717	2.3052	2.6586	2.2901	2.2127	2.6543	2.3542	2.44	2.1214	2.5653	2.5026	2.3472	2.1276	1.8988	2.2036	1.0472	2.4531	0.90157	1.4792	2.6648	2.0952	2.5468	2.5504	2.5763	2.3044	2.6583	2.2589	2.2151	2.6372	2.3259	2.441	2.137	2.5672	2.5271	2.3441	2.1285	1.867	2.2104	1.0543	2.4567	0.90365	1.4716	2.6989	2.0891	2.422
68	0.75546	2.5423	2.6042	2.3199	2.7122	2.3079	2.2127	2.6854	2.3619	2.457	2.1082	2.571	2.4973	2.3912	2.1278	1.8781	2.1998	0.99931	2.4862	0.84381	1.4442	2.7284	2.0794	2.5901	2.5386	2.604	2.3123	2.7084	2.2734	2.2192	2.6691	2.3313	2.461	2.1277	2.5698	2.523	2.376	2.1302	1.854	2.2008	1.0017	2.4889	0.83837	1.4404	2.755	2.0758	2.5813
69	0.76674	2.5069	2.614	2.3247	2.7515	2.3151	2.2051	2.7066	2.354	2.4688	2.0951	2.5688	2.4727	2.4056	2.1271	1.8501	2.1774	0.94849	2.5044	0.79249	1.4082	2.7675	2.055	2.612	2.5114	2.6171	2.3173	2.7467	2.2776	2.2124	2.6972	2.3313	2.4673	2.1145	2.5582	2.5027	2.3934	2.1236	1.8301	2.183	0.95655	2.5123	0.78387	1.3949	2.8185	2.0491	2.7285
70	0.77801	2.4762	2.616	2.3198	2.7771	2.3088	2.1886	2.7237	2.349	2.4641	2.0648	2.5379	2.4394	2.4194	2.1161	1.8187	2.1455	0.90284	2.5166	0.74143	1.3732	2.8195	2.0297	2.6167	2.4702	2.6174	2.3103	2.7739	2.2775	2.1946	2.7001	2.3226	2.4647	2.0897	2.5336	2.4634	2.3983	2.1148	1.8026	2.1589	0.90771	2.514	0.73723	1.36	2.8526	2.0111	2.8868
71	0.78929	2.4145	2.5948	2.2943	2.7924	2.2893	2.1582	2.7021	2.3271	2.445	2.0313	2.5	2.3948	2.4227	2.0853	1.7839	2.1089	0.84956	2.5276	0.68734	1.3157	2.8316	1.971	2.6138	2.4181	2.5964	2.2881	2.7852	2.2588	2.168	2.6828	2.3002	2.445	2.0474	2.503	2.4272	2.4057	2.0906	1.7645	2.1149	0.85511	2.5216	0.68032	1.3061	2.8665	1.9707	3.0296
72	0.80056	2.3508	2.567	2.272	2.7831	2.2624	2.1248	2.669	2.2945	2.4177	1.986	2.446	2.3358	2.4131	2.0539	1.7424	2.0616	0.80111	2.503	0.64058	1.2554	2.8253	1.9173	2.5931	2.3515	2.5684	2.2644	2.7863	2.23	2.138	2.6487	2.2742	2.4232	2.0031	2.4484	2.3575	2.4016	2.064	1.7215	2.0652	0.80313	2.5018	0.62995	1.2463	2.8786	1.9121	3.1682
73	0.81184	2.2721	2.5134	2.228	2.7669	2.2173	2.0786	2.6146	2.2502	2.3786	1.9287	2.3804	2.2569	2.3916	2.0097	1.6911	2.0007	0.74636	2.4711	0.58735	1.2085	2.7948	1.862	2.5577	2.2695	2.5169	2.2262	2.7649	2.1862	2.0854	2.5972	2.2266	2.3842	1.9453	2.3745	2.2896	2.3771	2.0186	1.6748	2.006	0.75384	2.4799	0.58077	1.1879	2.8397	1.853	3.2895
74	0.82311	2.1756	2.4484	2.1748	2.7334	2.1623	2.0154	2.5426	2.1863	2.3237	1.8599	2.2918	2.1748	2.3546	1.9554	1.6424	1.932	0.69678	2.434	0.53352	1.1419	2.7576	1.7972	2.4982	2.1737	2.4524	2.1685	2.7237	2.1363	2.0197	2.5282	2.1648	2.3266	1.8828	2.296	2.2002	2.3483	1.9641	1.6202	1.9434	0.69858	2.4332	0.53115	1.1363	2.7978	1.7857	3.3949
75	0.83439	2.0697	2.3595	2.1084	2.6763	2.0915	1.9395	2.4506	2.1128	2.2538	1.7787	2.1911	2.0762	2.3107	1.8939	1.5738	1.8457	0.642	2.3747	0.48439	1.08	2.6725	1.7266	2.4286	2.0625	2.3655	2.102	2.6652	2.0585	1.9431	2.433	2.0922	2.2624	1.7987	2.1882	2.1022	2.2979	1.9039	1.5557	1.8526	0.6383	2.369	0.48468	1.0713	2.7089	1.7097	3.491
76	0.84567	1.9503	2.2516	2.0256	2.5942	1.9987	1.8532	2.3308	2.0258	2.1723	1.6892	2.0671	1.9664	2.2583	1.8156	1.5084	1.7466	0.58786	2.3121	0.44147	1.0054	2.5737	1.6412	2.3293	1.9475	2.2545	2.0143	2.595	1.9713	1.8629	2.3156	2.0086	2.1768	1.7066	2.0687	1.9859	2.2388	1.8212	1.4855	1.7579	0.5894	2.3011	0.43551	0.99817	2.6215	1.627	3.5623
77	0.85694	1.8194	2.1299	1.9284	2.491	1.8961	1.7488	2.1923	1.9156	2.0721	1.5885	1.9338	1.8398	2.1737	1.727	1.4322	1.6412	0.5279	2.205	0.39317	0.9346	2.4428	1.54	2.2138	1.8215	2.1313	1.9171	2.4884	1.8641	1.7556	2.1889	1.9026	2.0772	1.6006	1.93	1.8601	2.1651	1.7257	1.4115	1.643	0.53141	2.1992	0.38799	0.9243	2.4913	1.5404	3.5967
78	0.86822	1.6812	1.9804	1.8096	2.3658	1.7673	1.6363	2.0359	1.7963	1.9549	1.4733	1.7844	1.7056	2.0853	1.6245	1.3357	1.5189	0.47579	2.089	0.34473	0.85293	2.3112	1.457	2.0793	1.6762	1.985	1.8003	2.362	1.7454	1.6391	2.0205	1.7829	1.9596	1.4871	1.7809	1.7236	2.0661	1.6252	1.325	1.5284	0.47752	2.0818	0.34501	0.84531	2.3525	1.4448	3.5996
79	0.87949	1.5306	1.8173	1.674	2.215	1.6262	1.5056	1.8614	1.6573	1.823	1.3454	1.6169	1.5571	1.9572	1.5042	1.2442	1.3935	0.41879	1.9516	0.30428	0.77686	2.1311	1.3394	1.9272	1.5309	1.8213	1.6648	2.2053	1.6054	1.5082	1.8512	1.6461	1.828	1.3573	1.6179	1.5827	1.95	1.5033	1.2318	1.3961	0.42194	1.9444	0.30458	0.76219	2.1685	1.338	3.5531
80	0.89077	1.3748	1.6387	1.5259	2.0305	1.4709	1.3627	1.6695	1.5062	1.6703	1.2083	1.4422	1.4042	1.8263	1.3757	1.1405	1.2522	0.36974	1.7794	0.26552	0.6864	1.946	1.2273	1.7543	1.373	1.6418	1.5219	2.0276	1.4492	1.3674	1.6622	1.4903	1.6813	1.2186	1.4406	1.4218	1.8128	1.3754	1.1316	1.2565	0.3696	1.7895	0.26339	0.68238	1.9737	1.2328	3.4576
81	0.90204	1.2125	1.4464	1.3629	1.8265	1.3051	1.2078	1.4661	1.3422	1.5031	1.0657	1.2537	1.2357	1.6688	1.2282	1.0271	1.1034	0.31407	1.61	0.22913	0.59834	1.7344	1.1043	1.5643	1.2102	1.448	1.3538	1.8245	1.2791	1.2131	1.4545	1.3298	1.5088	1.0789	1.2616	1.257	1.6512	1.2322	1.0139	1.1056	0.3204	1.6051	0.2253	0.59049	1.7658	1.103	3.3041
82	0.91332	1.0475	1.249	1.1886	1.6019	1.1244	1.0449	1.257	1.1668	1.3213	0.9152	1.0711	1.0705	1.4876	1.0844	0.90976	0.94899	0.26654	1.4135	0.19134	0.51061	1.506	0.97688	1.3618	1.0475	1.2483	1.1848	1.5999	1.1048	1.0455	1.2478	1.1544	1.3274	0.92853	1.0764	1.0827	1.4713	1.0788	0.90232	0.95147	0.26697	1.4064	0.18943	0.50506	1.5317	0.97953	3.0743
83	0.92459	0.8844	1.0376	1.0084	1.3605	0.9445	0.87467	1.046	0.98383	1.1234	0.76493	0.89026	0.89898	1.2834	0.91825	0.78231	0.79431	0.21921	1.2029	0.15911	0.43113	1.2739	0.84316	1.1478	0.88074	1.0422	1.004	1.3529	0.93038	0.87992	1.0376	0.97339	1.1321	0.78044	0.89056	0.90936	1.2701	0.91689	0.7743	0.79967	0.22036	1.1983	0.15778	0.42644	1.2953	0.84407	2.7689
84	0.93587	0.72246	0.84181	0.82634	1.1135	0.76687	0.71527	0.83784	0.80199	0.93108	0.62689	0.71269	0.73136	1.0725	0.7571	0.6489	0.63635	0.17818	0.98843	0.13165	0.34507	1.0322	0.70801	0.93752	0.72214	0.8433	0.82166	1.1082	0.75649	0.71329	0.83746	0.79628	0.93798	0.62969	0.71756	0.7401	1.0623	0.75399	0.64216	0.64209	0.17877	0.98653	0.12708	0.34044	1.0589	0.70593	2.3928
85	0.94715	0.56733	0.65261	0.64771	0.86929	0.59964	0.557	0.64775	0.62657	0.73192	0.48205	0.55188	0.57138	0.85274	0.59567	0.51714	0.49603	0.14095	0.77449	0.10177	0.27008	0.81715	0.56378	0.73054	0.56526	0.65449	0.64276	0.86632	0.58873	0.55888	0.64446	0.62407	0.73441	0.48981	0.55453	0.57909	0.84193	0.59693	0.51355	0.50303	0.1422	0.77101	0.10278	0.26548	0.82918	0.56099	1.9601
86	0.95842	0.42366	0.48285	0.47918	0.63817	0.44408	0.4106	0.47772	0.46383	0.54466	0.35992	0.40794	0.4228	0.63549	0.44469	0.38838	0.36562	0.10684	0.57315	0.080146	0.20371	0.599	0.42416	0.54242	0.42215	0.48034	0.47701	0.63381	0.43457	0.41406	0.47786	0.46146	0.5479	0.36461	0.40878	0.43123	0.6279	0.44647	0.38545	0.36625	0.10856	0.57076	0.079154	0.2019	0.61296	0.42787	1.4883
87	0.9697	0.29837	0.33471	0.33375	0.43802	0.30768	0.28885	0.33141	0.32331	0.37865	0.25273	0.28154	0.29606	0.43686	0.30888	0.2764	0.25535	0.078201	0.39916	0.059776	0.14111	0.41631	0.30341	0.37398	0.29793	0.33422	0.33114	0.43733	0.30319	0.28726	0.3308	0.32088	0.37749	0.25597	0.28562	0.29779	0.43366	0.30623	0.27348	0.2574	0.079503	0.39778	0.059145	0.14282	0.42192	0.30069	1.021
88	0.98097	0.19152	0.2127	0.21031	0.27313	0.19594	0.18341	0.21109	0.20538	0.23681	0.16353	0.18066	0.18967	0.27113	0.19569	0.17329	0.16492	0.054365	0.24951	0.043966	0.095112	0.26408	0.19099	0.23644	0.19183	0.21346	0.20731	0.27126	0.1915	0.1811	0.20972	0.20339	0.23994	0.16513	0.18269	0.19119	0.26804	0.19379	0.17172	0.16661	0.054829	0.25075	0.042583	0.096312	0.26787	0.19109	0.6087
89	0.99225	0.068426	0.075193	0.07349	0.092699	0.069295	0.065016	0.075061	0.073137	0.081485	0.058864	0.065053	0.06736	0.091968	0.068203	0.060865	0.059161	0.021141	0.087038	0.018065	0.035733	0.091528	0.065931	0.082253	0.068305	0.075361	0.073098	0.092709	0.068853	0.064933	0.074481	0.072226	0.08103	0.059971	0.067113	0.068304	0.090821	0.068115	0.060025	0.058725	0.021528	0.086023	0.017284	0.035578	0.09261	0.0676	0.18793
90	1.0035	0	0	0	0	0	0	0	0	0	0	0	0	0	0	0	0	0	0	0	0	0	0	0	0	0	0	0	0	0	0	0	0	0	0	0	0	0	0	0	0	0	0	0	0	0	0
91	1.0148	0	0	0	0	0	0	0	0	0	0	0	0	0	0	0	0	0	0	0	0	0	0	0	0	0	0	0	0	0	0	0	0	0	0	0	0	0	0	0	0	0	0	0	0	0	0
92	1.0261	0	0	0	0	0	0	0	0	0	0	0	0	0	0	0	0	0	0	0	0	0	0	0	0	0	0	0	0	0	0	0	0	0	0	0	0	0	0	0	0	0	0	0	0	0	0
93	1.0374	0	0	0	0	0	0	0	0	0	0	0	0	0	0	0	0	0	0	0	0	0	0	0	0	0	0	0	0	0	0	0	0	0	0	0	0	0	0	0	0	0	0	0	0	0	0
94	1.0486	0	0	0	0	0	0	0	0	0	0	0	0	0	0	0	0	0	0	0	0	0	0	0	0	0	0	0	0	0	0	0	0	0	0	0	0	0	0	0	0	0	0	0	0	0	0
95	1.0599	0	0	0	0	0	0	0	0	0	0	0	0	0	0	0	0	0	0	0	0	0	0	0	0	0	0	0	0	0	0	0	0	0	0	0	0	0	0	0	0	0	0	0	0	0	0
96	1.0712	0	0	0	0	0	0	0	0	0	0	0	0	0	0	0	0	0	0	0	0	0	0	0	0	0	0	0	0	0	0	0	0	0	0	0	0	0	0	0	0	0	0	0	0	0	0
97	1.0825	0	0	0	0	0	0	0	0	0	0	0	0	0	0	0	0	0	0	0	0	0	0	0	0	0	0	0	0	0	0	0	0	0	0	0	0	0	0	0	0	0	0	0	0	0	0
98	1.0937	0	0	0	0	0	0	0	0	0	0	0	0	0	0	0	0	0	0	0	0	0	0	0	0	0	0	0	0	0	0	0	0	0	0	0	0	0	0	0	0	0	0	0	0	0	0
99	1.105	0	0	0	0	0	0	0	0	0	0	0	0	0	0	0	0	0	0	0	0	0	0	0	0	0	0	0	0	0	0	0	0	0	0	0	0	0	0	0	0	0	0	0	0	0	0
100	1.1163	0	0	0	0	0	0	0	0	0	0	0	0	0	0	0	0	0	0	0	0	0	0	0	0	0	0	0	0	0	0	0	0	0	0	0	0	0	0	0	0	0	0	0	0	0	0
